(kicad_pcb (version 20171130) (host pcbnew "(5.1.10)-1")

  (general
    (thickness 1.6)
    (drawings 36)
    (tracks 56)
    (zones 0)
    (modules 7)
    (nets 30)
  )

  (page A4)
  (layers
    (0 F.Cu signal)
    (31 B.Cu signal)
    (32 B.Adhes user)
    (33 F.Adhes user)
    (34 B.Paste user)
    (35 F.Paste user)
    (36 B.SilkS user)
    (37 F.SilkS user)
    (38 B.Mask user)
    (39 F.Mask user)
    (40 Dwgs.User user)
    (41 Cmts.User user)
    (42 Eco1.User user)
    (43 Eco2.User user)
    (44 Edge.Cuts user)
    (45 Margin user)
    (46 B.CrtYd user)
    (47 F.CrtYd user)
    (48 B.Fab user)
    (49 F.Fab user)
  )

  (setup
    (last_trace_width 0.75)
    (user_trace_width 0.5)
    (user_trace_width 0.75)
    (user_trace_width 1)
    (trace_clearance 0.6)
    (zone_clearance 0.508)
    (zone_45_only no)
    (trace_min 0.2)
    (via_size 0.8)
    (via_drill 0.4)
    (via_min_size 0.4)
    (via_min_drill 0.3)
    (user_via 1 0.5)
    (uvia_size 0.3)
    (uvia_drill 0.1)
    (uvias_allowed no)
    (uvia_min_size 0.2)
    (uvia_min_drill 0.1)
    (edge_width 0.05)
    (segment_width 0.2)
    (pcb_text_width 0.3)
    (pcb_text_size 1.5 1.5)
    (mod_edge_width 0.12)
    (mod_text_size 1 1)
    (mod_text_width 0.15)
    (pad_size 1.524 1.524)
    (pad_drill 0.762)
    (pad_to_mask_clearance 0)
    (aux_axis_origin 0 0)
    (visible_elements 7FFFFFFF)
    (pcbplotparams
      (layerselection 0x010fc_ffffffff)
      (usegerberextensions false)
      (usegerberattributes true)
      (usegerberadvancedattributes true)
      (creategerberjobfile true)
      (excludeedgelayer true)
      (linewidth 0.100000)
      (plotframeref false)
      (viasonmask false)
      (mode 1)
      (useauxorigin false)
      (hpglpennumber 1)
      (hpglpenspeed 20)
      (hpglpendiameter 15.000000)
      (psnegative false)
      (psa4output false)
      (plotreference true)
      (plotvalue true)
      (plotinvisibletext false)
      (padsonsilk false)
      (subtractmaskfromsilk false)
      (outputformat 1)
      (mirror false)
      (drillshape 0)
      (scaleselection 1)
      (outputdirectory "gerber/"))
  )

  (net 0 "")
  (net 1 "Net-(A1-Pad1)")
  (net 2 "Net-(A1-Pad17)")
  (net 3 "Net-(A1-Pad2)")
  (net 4 "Net-(A1-Pad3)")
  (net 5 A0)
  (net 6 GND)
  (net 7 A1)
  (net 8 D2)
  (net 9 A2)
  (net 10 D3)
  (net 11 "Net-(A1-Pad22)")
  (net 12 "Net-(A1-Pad23)")
  (net 13 "Net-(A1-Pad8)")
  (net 14 "Net-(A1-Pad24)")
  (net 15 "Net-(A1-Pad9)")
  (net 16 "Net-(A1-Pad25)")
  (net 17 "Net-(A1-Pad10)")
  (net 18 "Net-(A1-Pad26)")
  (net 19 "Net-(A1-Pad11)")
  (net 20 +5V)
  (net 21 "Net-(A1-Pad12)")
  (net 22 "Net-(A1-Pad28)")
  (net 23 "Net-(A1-Pad13)")
  (net 24 "Net-(A1-Pad14)")
  (net 25 "Net-(A1-Pad30)")
  (net 26 "Net-(A1-Pad15)")
  (net 27 "Net-(A1-Pad16)")
  (net 28 D4)
  (net 29 "Net-(A1-Pad18)")

  (net_class Default "This is the default net class."
    (clearance 0.6)
    (trace_width 0.25)
    (via_dia 0.8)
    (via_drill 0.4)
    (uvia_dia 0.3)
    (uvia_drill 0.1)
    (add_net +5V)
    (add_net A0)
    (add_net A1)
    (add_net A2)
    (add_net D2)
    (add_net D3)
    (add_net D4)
    (add_net GND)
    (add_net "Net-(A1-Pad1)")
    (add_net "Net-(A1-Pad10)")
    (add_net "Net-(A1-Pad11)")
    (add_net "Net-(A1-Pad12)")
    (add_net "Net-(A1-Pad13)")
    (add_net "Net-(A1-Pad14)")
    (add_net "Net-(A1-Pad15)")
    (add_net "Net-(A1-Pad16)")
    (add_net "Net-(A1-Pad17)")
    (add_net "Net-(A1-Pad18)")
    (add_net "Net-(A1-Pad2)")
    (add_net "Net-(A1-Pad22)")
    (add_net "Net-(A1-Pad23)")
    (add_net "Net-(A1-Pad24)")
    (add_net "Net-(A1-Pad25)")
    (add_net "Net-(A1-Pad26)")
    (add_net "Net-(A1-Pad28)")
    (add_net "Net-(A1-Pad3)")
    (add_net "Net-(A1-Pad30)")
    (add_net "Net-(A1-Pad8)")
    (add_net "Net-(A1-Pad9)")
  )

  (module TerminalBlock_Phoenix:TerminalBlock_Phoenix_MKDS-1,5-3_1x03_P5.00mm_Horizontal (layer F.Cu) (tedit 5B294EE5) (tstamp 6120EA47)
    (at 137.16 90.4875 90)
    (descr "Terminal Block Phoenix MKDS-1,5-3, 3 pins, pitch 5mm, size 15x9.8mm^2, drill diamater 1.3mm, pad diameter 2.6mm, see http://www.farnell.com/datasheets/100425.pdf, script-generated using https://github.com/pointhi/kicad-footprint-generator/scripts/TerminalBlock_Phoenix")
    (tags "THT Terminal Block Phoenix MKDS-1,5-3 pitch 5mm size 15x9.8mm^2 drill 1.3mm pad 2.6mm")
    (path /61219BDD)
    (fp_text reference J4 (at 5 -6.26 90) (layer F.Fab)
      (effects (font (size 1 1) (thickness 0.15)))
    )
    (fp_text value POT2 (at 5 5.66 90) (layer F.Fab)
      (effects (font (size 1 1) (thickness 0.15)))
    )
    (fp_line (start 13 -5.71) (end -3 -5.71) (layer F.CrtYd) (width 0.05))
    (fp_line (start 13 5.1) (end 13 -5.71) (layer F.CrtYd) (width 0.05))
    (fp_line (start -3 5.1) (end 13 5.1) (layer F.CrtYd) (width 0.05))
    (fp_line (start -3 -5.71) (end -3 5.1) (layer F.CrtYd) (width 0.05))
    (fp_line (start -2.8 4.9) (end -2.3 4.9) (layer F.SilkS) (width 0.12))
    (fp_line (start -2.8 4.16) (end -2.8 4.9) (layer F.SilkS) (width 0.12))
    (fp_line (start 8.773 1.023) (end 8.726 1.069) (layer F.SilkS) (width 0.12))
    (fp_line (start 11.07 -1.275) (end 11.035 -1.239) (layer F.SilkS) (width 0.12))
    (fp_line (start 8.966 1.239) (end 8.931 1.274) (layer F.SilkS) (width 0.12))
    (fp_line (start 11.275 -1.069) (end 11.228 -1.023) (layer F.SilkS) (width 0.12))
    (fp_line (start 10.955 -1.138) (end 8.863 0.955) (layer F.Fab) (width 0.1))
    (fp_line (start 11.138 -0.955) (end 9.046 1.138) (layer F.Fab) (width 0.1))
    (fp_line (start 3.773 1.023) (end 3.726 1.069) (layer F.SilkS) (width 0.12))
    (fp_line (start 6.07 -1.275) (end 6.035 -1.239) (layer F.SilkS) (width 0.12))
    (fp_line (start 3.966 1.239) (end 3.931 1.274) (layer F.SilkS) (width 0.12))
    (fp_line (start 6.275 -1.069) (end 6.228 -1.023) (layer F.SilkS) (width 0.12))
    (fp_line (start 5.955 -1.138) (end 3.863 0.955) (layer F.Fab) (width 0.1))
    (fp_line (start 6.138 -0.955) (end 4.046 1.138) (layer F.Fab) (width 0.1))
    (fp_line (start 0.955 -1.138) (end -1.138 0.955) (layer F.Fab) (width 0.1))
    (fp_line (start 1.138 -0.955) (end -0.955 1.138) (layer F.Fab) (width 0.1))
    (fp_line (start 12.56 -5.261) (end 12.56 4.66) (layer F.SilkS) (width 0.12))
    (fp_line (start -2.56 -5.261) (end -2.56 4.66) (layer F.SilkS) (width 0.12))
    (fp_line (start -2.56 4.66) (end 12.56 4.66) (layer F.SilkS) (width 0.12))
    (fp_line (start -2.56 -5.261) (end 12.56 -5.261) (layer F.SilkS) (width 0.12))
    (fp_line (start -2.56 -2.301) (end 12.56 -2.301) (layer F.SilkS) (width 0.12))
    (fp_line (start -2.5 -2.3) (end 12.5 -2.3) (layer F.Fab) (width 0.1))
    (fp_line (start -2.56 2.6) (end 12.56 2.6) (layer F.SilkS) (width 0.12))
    (fp_line (start -2.5 2.6) (end 12.5 2.6) (layer F.Fab) (width 0.1))
    (fp_line (start -2.56 4.1) (end 12.56 4.1) (layer F.SilkS) (width 0.12))
    (fp_line (start -2.5 4.1) (end 12.5 4.1) (layer F.Fab) (width 0.1))
    (fp_line (start -2.5 4.1) (end -2.5 -5.2) (layer F.Fab) (width 0.1))
    (fp_line (start -2 4.6) (end -2.5 4.1) (layer F.Fab) (width 0.1))
    (fp_line (start 12.5 4.6) (end -2 4.6) (layer F.Fab) (width 0.1))
    (fp_line (start 12.5 -5.2) (end 12.5 4.6) (layer F.Fab) (width 0.1))
    (fp_line (start -2.5 -5.2) (end 12.5 -5.2) (layer F.Fab) (width 0.1))
    (fp_circle (center 10 0) (end 11.68 0) (layer F.SilkS) (width 0.12))
    (fp_circle (center 10 0) (end 11.5 0) (layer F.Fab) (width 0.1))
    (fp_circle (center 5 0) (end 6.68 0) (layer F.SilkS) (width 0.12))
    (fp_circle (center 5 0) (end 6.5 0) (layer F.Fab) (width 0.1))
    (fp_circle (center 0 0) (end 1.5 0) (layer F.Fab) (width 0.1))
    (fp_text user %R (at 5 3.2 90) (layer F.Fab)
      (effects (font (size 1 1) (thickness 0.15)))
    )
    (fp_arc (start 0 0) (end -0.684 1.535) (angle -25) (layer F.SilkS) (width 0.12))
    (fp_arc (start 0 0) (end -1.535 -0.684) (angle -48) (layer F.SilkS) (width 0.12))
    (fp_arc (start 0 0) (end 0.684 -1.535) (angle -48) (layer F.SilkS) (width 0.12))
    (fp_arc (start 0 0) (end 1.535 0.684) (angle -48) (layer F.SilkS) (width 0.12))
    (fp_arc (start 0 0) (end 0 1.68) (angle -24) (layer F.SilkS) (width 0.12))
    (pad 3 thru_hole circle (at 10 0 90) (size 2.6 2.6) (drill 1.3) (layers *.Cu *.Mask)
      (net 6 GND))
    (pad 2 thru_hole circle (at 5 0 90) (size 2.6 2.6) (drill 1.3) (layers *.Cu *.Mask)
      (net 7 A1))
    (pad 1 thru_hole rect (at 0 0 90) (size 2.6 2.6) (drill 1.3) (layers *.Cu *.Mask)
      (net 20 +5V))
    (model ${KISYS3DMOD}/TerminalBlock_Phoenix.3dshapes/TerminalBlock_Phoenix_MKDS-1,5-3_1x03_P5.00mm_Horizontal.wrl
      (at (xyz 0 0 0))
      (scale (xyz 1 1 1))
      (rotate (xyz 0 0 0))
    )
  )

  (module Module:Arduino_Nano (layer F.Cu) (tedit 58ACAF70) (tstamp 6120D37A)
    (at 110.775001 70.125001)
    (descr "Arduino Nano, http://www.mouser.com/pdfdocs/Gravitech_Arduino_Nano3_0.pdf")
    (tags "Arduino Nano")
    (path /61206FB7)
    (fp_text reference A1 (at 7.62 -5.08) (layer F.Fab)
      (effects (font (size 1 1) (thickness 0.15)))
    )
    (fp_text value Arduino_Nano_v2.x (at 8.89 19.05 90) (layer F.Fab)
      (effects (font (size 1 1) (thickness 0.15)))
    )
    (fp_line (start 1.27 1.27) (end 1.27 -1.27) (layer F.SilkS) (width 0.12))
    (fp_line (start 1.27 -1.27) (end -1.4 -1.27) (layer F.SilkS) (width 0.12))
    (fp_line (start -1.4 1.27) (end -1.4 39.5) (layer F.SilkS) (width 0.12))
    (fp_line (start -1.4 -3.94) (end -1.4 -1.27) (layer F.SilkS) (width 0.12))
    (fp_line (start 13.97 -1.27) (end 16.64 -1.27) (layer F.SilkS) (width 0.12))
    (fp_line (start 13.97 -1.27) (end 13.97 36.83) (layer F.SilkS) (width 0.12))
    (fp_line (start 13.97 36.83) (end 16.64 36.83) (layer F.SilkS) (width 0.12))
    (fp_line (start 1.27 1.27) (end -1.4 1.27) (layer F.SilkS) (width 0.12))
    (fp_line (start 1.27 1.27) (end 1.27 36.83) (layer F.SilkS) (width 0.12))
    (fp_line (start 1.27 36.83) (end -1.4 36.83) (layer F.SilkS) (width 0.12))
    (fp_line (start 3.81 31.75) (end 11.43 31.75) (layer F.Fab) (width 0.1))
    (fp_line (start 11.43 31.75) (end 11.43 41.91) (layer F.Fab) (width 0.1))
    (fp_line (start 11.43 41.91) (end 3.81 41.91) (layer F.Fab) (width 0.1))
    (fp_line (start 3.81 41.91) (end 3.81 31.75) (layer F.Fab) (width 0.1))
    (fp_line (start -1.4 39.5) (end 16.64 39.5) (layer F.SilkS) (width 0.12))
    (fp_line (start 16.64 39.5) (end 16.64 -3.94) (layer F.SilkS) (width 0.12))
    (fp_line (start 16.64 -3.94) (end -1.4 -3.94) (layer F.SilkS) (width 0.12))
    (fp_line (start 16.51 39.37) (end -1.27 39.37) (layer F.Fab) (width 0.1))
    (fp_line (start -1.27 39.37) (end -1.27 -2.54) (layer F.Fab) (width 0.1))
    (fp_line (start -1.27 -2.54) (end 0 -3.81) (layer F.Fab) (width 0.1))
    (fp_line (start 0 -3.81) (end 16.51 -3.81) (layer F.Fab) (width 0.1))
    (fp_line (start 16.51 -3.81) (end 16.51 39.37) (layer F.Fab) (width 0.1))
    (fp_line (start -1.53 -4.06) (end 16.75 -4.06) (layer F.CrtYd) (width 0.05))
    (fp_line (start -1.53 -4.06) (end -1.53 42.16) (layer F.CrtYd) (width 0.05))
    (fp_line (start 16.75 42.16) (end 16.75 -4.06) (layer F.CrtYd) (width 0.05))
    (fp_line (start 16.75 42.16) (end -1.53 42.16) (layer F.CrtYd) (width 0.05))
    (fp_text user %R (at 6.35 19.05 90) (layer F.Fab)
      (effects (font (size 1 1) (thickness 0.15)))
    )
    (pad 1 thru_hole rect (at 0 0) (size 1.6 1.6) (drill 1) (layers *.Cu *.Mask)
      (net 1 "Net-(A1-Pad1)"))
    (pad 17 thru_hole oval (at 15.24 33.02) (size 1.6 1.6) (drill 1) (layers *.Cu *.Mask)
      (net 2 "Net-(A1-Pad17)"))
    (pad 2 thru_hole oval (at 0 2.54) (size 1.6 1.6) (drill 1) (layers *.Cu *.Mask)
      (net 3 "Net-(A1-Pad2)"))
    (pad 18 thru_hole oval (at 15.24 30.48) (size 1.6 1.6) (drill 1) (layers *.Cu *.Mask)
      (net 29 "Net-(A1-Pad18)"))
    (pad 3 thru_hole oval (at 0 5.08) (size 1.6 1.6) (drill 1) (layers *.Cu *.Mask)
      (net 4 "Net-(A1-Pad3)"))
    (pad 19 thru_hole oval (at 15.24 27.94) (size 1.6 1.6) (drill 1) (layers *.Cu *.Mask)
      (net 5 A0))
    (pad 4 thru_hole oval (at 0 7.62) (size 1.6 1.6) (drill 1) (layers *.Cu *.Mask)
      (net 6 GND))
    (pad 20 thru_hole oval (at 15.24 25.4) (size 1.6 1.6) (drill 1) (layers *.Cu *.Mask)
      (net 7 A1))
    (pad 5 thru_hole oval (at 0 10.16) (size 1.6 1.6) (drill 1) (layers *.Cu *.Mask)
      (net 8 D2))
    (pad 21 thru_hole oval (at 15.24 22.86) (size 1.6 1.6) (drill 1) (layers *.Cu *.Mask)
      (net 9 A2))
    (pad 6 thru_hole oval (at 0 12.7) (size 1.6 1.6) (drill 1) (layers *.Cu *.Mask)
      (net 10 D3))
    (pad 22 thru_hole oval (at 15.24 20.32) (size 1.6 1.6) (drill 1) (layers *.Cu *.Mask)
      (net 11 "Net-(A1-Pad22)"))
    (pad 7 thru_hole oval (at 0 15.24) (size 1.6 1.6) (drill 1) (layers *.Cu *.Mask)
      (net 28 D4))
    (pad 23 thru_hole oval (at 15.24 17.78) (size 1.6 1.6) (drill 1) (layers *.Cu *.Mask)
      (net 12 "Net-(A1-Pad23)"))
    (pad 8 thru_hole oval (at 0 17.78) (size 1.6 1.6) (drill 1) (layers *.Cu *.Mask)
      (net 13 "Net-(A1-Pad8)"))
    (pad 24 thru_hole oval (at 15.24 15.24) (size 1.6 1.6) (drill 1) (layers *.Cu *.Mask)
      (net 14 "Net-(A1-Pad24)"))
    (pad 9 thru_hole oval (at 0 20.32) (size 1.6 1.6) (drill 1) (layers *.Cu *.Mask)
      (net 15 "Net-(A1-Pad9)"))
    (pad 25 thru_hole oval (at 15.24 12.7) (size 1.6 1.6) (drill 1) (layers *.Cu *.Mask)
      (net 16 "Net-(A1-Pad25)"))
    (pad 10 thru_hole oval (at 0 22.86) (size 1.6 1.6) (drill 1) (layers *.Cu *.Mask)
      (net 17 "Net-(A1-Pad10)"))
    (pad 26 thru_hole oval (at 15.24 10.16) (size 1.6 1.6) (drill 1) (layers *.Cu *.Mask)
      (net 18 "Net-(A1-Pad26)"))
    (pad 11 thru_hole oval (at 0 25.4) (size 1.6 1.6) (drill 1) (layers *.Cu *.Mask)
      (net 19 "Net-(A1-Pad11)"))
    (pad 27 thru_hole oval (at 15.24 7.62) (size 1.6 1.6) (drill 1) (layers *.Cu *.Mask)
      (net 20 +5V))
    (pad 12 thru_hole oval (at 0 27.94) (size 1.6 1.6) (drill 1) (layers *.Cu *.Mask)
      (net 21 "Net-(A1-Pad12)"))
    (pad 28 thru_hole oval (at 15.24 5.08) (size 1.6 1.6) (drill 1) (layers *.Cu *.Mask)
      (net 22 "Net-(A1-Pad28)"))
    (pad 13 thru_hole oval (at 0 30.48) (size 1.6 1.6) (drill 1) (layers *.Cu *.Mask)
      (net 23 "Net-(A1-Pad13)"))
    (pad 29 thru_hole oval (at 15.24 2.54) (size 1.6 1.6) (drill 1) (layers *.Cu *.Mask)
      (net 6 GND))
    (pad 14 thru_hole oval (at 0 33.02) (size 1.6 1.6) (drill 1) (layers *.Cu *.Mask)
      (net 24 "Net-(A1-Pad14)"))
    (pad 30 thru_hole oval (at 15.24 0) (size 1.6 1.6) (drill 1) (layers *.Cu *.Mask)
      (net 25 "Net-(A1-Pad30)"))
    (pad 15 thru_hole oval (at 0 35.56) (size 1.6 1.6) (drill 1) (layers *.Cu *.Mask)
      (net 26 "Net-(A1-Pad15)"))
    (pad 16 thru_hole oval (at 15.24 35.56) (size 1.6 1.6) (drill 1) (layers *.Cu *.Mask)
      (net 27 "Net-(A1-Pad16)"))
    (model ${KISYS3DMOD}/Module.3dshapes/Arduino_Nano_WithMountingHoles.wrl
      (at (xyz 0 0 0))
      (scale (xyz 1 1 1))
      (rotate (xyz 0 0 0))
    )
  )

  (module TerminalBlock_Phoenix:TerminalBlock_Phoenix_MKDS-1,5-3_1x03_P5.00mm_Horizontal (layer F.Cu) (tedit 5B294EE5) (tstamp 6120E2C6)
    (at 137.16 107.95 90)
    (descr "Terminal Block Phoenix MKDS-1,5-3, 3 pins, pitch 5mm, size 15x9.8mm^2, drill diamater 1.3mm, pad diameter 2.6mm, see http://www.farnell.com/datasheets/100425.pdf, script-generated using https://github.com/pointhi/kicad-footprint-generator/scripts/TerminalBlock_Phoenix")
    (tags "THT Terminal Block Phoenix MKDS-1,5-3 pitch 5mm size 15x9.8mm^2 drill 1.3mm pad 2.6mm")
    (path /6121903F)
    (fp_text reference J3 (at 5 -6.26 90) (layer F.Fab)
      (effects (font (size 1 1) (thickness 0.15)))
    )
    (fp_text value POT1 (at 5 5.66 90) (layer F.Fab)
      (effects (font (size 1 1) (thickness 0.15)))
    )
    (fp_circle (center 0 0) (end 1.5 0) (layer F.Fab) (width 0.1))
    (fp_circle (center 5 0) (end 6.5 0) (layer F.Fab) (width 0.1))
    (fp_circle (center 5 0) (end 6.68 0) (layer F.SilkS) (width 0.12))
    (fp_circle (center 10 0) (end 11.5 0) (layer F.Fab) (width 0.1))
    (fp_circle (center 10 0) (end 11.68 0) (layer F.SilkS) (width 0.12))
    (fp_line (start -2.5 -5.2) (end 12.5 -5.2) (layer F.Fab) (width 0.1))
    (fp_line (start 12.5 -5.2) (end 12.5 4.6) (layer F.Fab) (width 0.1))
    (fp_line (start 12.5 4.6) (end -2 4.6) (layer F.Fab) (width 0.1))
    (fp_line (start -2 4.6) (end -2.5 4.1) (layer F.Fab) (width 0.1))
    (fp_line (start -2.5 4.1) (end -2.5 -5.2) (layer F.Fab) (width 0.1))
    (fp_line (start -2.5 4.1) (end 12.5 4.1) (layer F.Fab) (width 0.1))
    (fp_line (start -2.56 4.1) (end 12.56 4.1) (layer F.SilkS) (width 0.12))
    (fp_line (start -2.5 2.6) (end 12.5 2.6) (layer F.Fab) (width 0.1))
    (fp_line (start -2.56 2.6) (end 12.56 2.6) (layer F.SilkS) (width 0.12))
    (fp_line (start -2.5 -2.3) (end 12.5 -2.3) (layer F.Fab) (width 0.1))
    (fp_line (start -2.56 -2.301) (end 12.56 -2.301) (layer F.SilkS) (width 0.12))
    (fp_line (start -2.56 -5.261) (end 12.56 -5.261) (layer F.SilkS) (width 0.12))
    (fp_line (start -2.56 4.66) (end 12.56 4.66) (layer F.SilkS) (width 0.12))
    (fp_line (start -2.56 -5.261) (end -2.56 4.66) (layer F.SilkS) (width 0.12))
    (fp_line (start 12.56 -5.261) (end 12.56 4.66) (layer F.SilkS) (width 0.12))
    (fp_line (start 1.138 -0.955) (end -0.955 1.138) (layer F.Fab) (width 0.1))
    (fp_line (start 0.955 -1.138) (end -1.138 0.955) (layer F.Fab) (width 0.1))
    (fp_line (start 6.138 -0.955) (end 4.046 1.138) (layer F.Fab) (width 0.1))
    (fp_line (start 5.955 -1.138) (end 3.863 0.955) (layer F.Fab) (width 0.1))
    (fp_line (start 6.275 -1.069) (end 6.228 -1.023) (layer F.SilkS) (width 0.12))
    (fp_line (start 3.966 1.239) (end 3.931 1.274) (layer F.SilkS) (width 0.12))
    (fp_line (start 6.07 -1.275) (end 6.035 -1.239) (layer F.SilkS) (width 0.12))
    (fp_line (start 3.773 1.023) (end 3.726 1.069) (layer F.SilkS) (width 0.12))
    (fp_line (start 11.138 -0.955) (end 9.046 1.138) (layer F.Fab) (width 0.1))
    (fp_line (start 10.955 -1.138) (end 8.863 0.955) (layer F.Fab) (width 0.1))
    (fp_line (start 11.275 -1.069) (end 11.228 -1.023) (layer F.SilkS) (width 0.12))
    (fp_line (start 8.966 1.239) (end 8.931 1.274) (layer F.SilkS) (width 0.12))
    (fp_line (start 11.07 -1.275) (end 11.035 -1.239) (layer F.SilkS) (width 0.12))
    (fp_line (start 8.773 1.023) (end 8.726 1.069) (layer F.SilkS) (width 0.12))
    (fp_line (start -2.8 4.16) (end -2.8 4.9) (layer F.SilkS) (width 0.12))
    (fp_line (start -2.8 4.9) (end -2.3 4.9) (layer F.SilkS) (width 0.12))
    (fp_line (start -3 -5.71) (end -3 5.1) (layer F.CrtYd) (width 0.05))
    (fp_line (start -3 5.1) (end 13 5.1) (layer F.CrtYd) (width 0.05))
    (fp_line (start 13 5.1) (end 13 -5.71) (layer F.CrtYd) (width 0.05))
    (fp_line (start 13 -5.71) (end -3 -5.71) (layer F.CrtYd) (width 0.05))
    (fp_arc (start 0 0) (end 0 1.68) (angle -24) (layer F.SilkS) (width 0.12))
    (fp_arc (start 0 0) (end 1.535 0.684) (angle -48) (layer F.SilkS) (width 0.12))
    (fp_arc (start 0 0) (end 0.684 -1.535) (angle -48) (layer F.SilkS) (width 0.12))
    (fp_arc (start 0 0) (end -1.535 -0.684) (angle -48) (layer F.SilkS) (width 0.12))
    (fp_arc (start 0 0) (end -0.684 1.535) (angle -25) (layer F.SilkS) (width 0.12))
    (fp_text user %R (at 5 3.2 90) (layer F.Fab)
      (effects (font (size 1 1) (thickness 0.15)))
    )
    (pad 1 thru_hole rect (at 0 0 90) (size 2.6 2.6) (drill 1.3) (layers *.Cu *.Mask)
      (net 20 +5V))
    (pad 2 thru_hole circle (at 5 0 90) (size 2.6 2.6) (drill 1.3) (layers *.Cu *.Mask)
      (net 5 A0))
    (pad 3 thru_hole circle (at 10 0 90) (size 2.6 2.6) (drill 1.3) (layers *.Cu *.Mask)
      (net 6 GND))
    (model ${KISYS3DMOD}/TerminalBlock_Phoenix.3dshapes/TerminalBlock_Phoenix_MKDS-1,5-3_1x03_P5.00mm_Horizontal.wrl
      (at (xyz 0 0 0))
      (scale (xyz 1 1 1))
      (rotate (xyz 0 0 0))
    )
  )

  (module TerminalBlock_Phoenix:TerminalBlock_Phoenix_MKDS-1,5-3_1x03_P5.00mm_Horizontal (layer F.Cu) (tedit 5B294EE5) (tstamp 6120E18E)
    (at 137.16 73.025 90)
    (descr "Terminal Block Phoenix MKDS-1,5-3, 3 pins, pitch 5mm, size 15x9.8mm^2, drill diamater 1.3mm, pad diameter 2.6mm, see http://www.farnell.com/datasheets/100425.pdf, script-generated using https://github.com/pointhi/kicad-footprint-generator/scripts/TerminalBlock_Phoenix")
    (tags "THT Terminal Block Phoenix MKDS-1,5-3 pitch 5mm size 15x9.8mm^2 drill 1.3mm pad 2.6mm")
    (path /6122B335)
    (fp_text reference J5 (at 5 -6.26 90) (layer F.Fab)
      (effects (font (size 1 1) (thickness 0.15)))
    )
    (fp_text value POT3 (at 5 5.66 90) (layer F.Fab)
      (effects (font (size 1 1) (thickness 0.15)))
    )
    (fp_circle (center 0 0) (end 1.5 0) (layer F.Fab) (width 0.1))
    (fp_circle (center 5 0) (end 6.5 0) (layer F.Fab) (width 0.1))
    (fp_circle (center 5 0) (end 6.68 0) (layer F.SilkS) (width 0.12))
    (fp_circle (center 10 0) (end 11.5 0) (layer F.Fab) (width 0.1))
    (fp_circle (center 10 0) (end 11.68 0) (layer F.SilkS) (width 0.12))
    (fp_line (start -2.5 -5.2) (end 12.5 -5.2) (layer F.Fab) (width 0.1))
    (fp_line (start 12.5 -5.2) (end 12.5 4.6) (layer F.Fab) (width 0.1))
    (fp_line (start 12.5 4.6) (end -2 4.6) (layer F.Fab) (width 0.1))
    (fp_line (start -2 4.6) (end -2.5 4.1) (layer F.Fab) (width 0.1))
    (fp_line (start -2.5 4.1) (end -2.5 -5.2) (layer F.Fab) (width 0.1))
    (fp_line (start -2.5 4.1) (end 12.5 4.1) (layer F.Fab) (width 0.1))
    (fp_line (start -2.56 4.1) (end 12.56 4.1) (layer F.SilkS) (width 0.12))
    (fp_line (start -2.5 2.6) (end 12.5 2.6) (layer F.Fab) (width 0.1))
    (fp_line (start -2.56 2.6) (end 12.56 2.6) (layer F.SilkS) (width 0.12))
    (fp_line (start -2.5 -2.3) (end 12.5 -2.3) (layer F.Fab) (width 0.1))
    (fp_line (start -2.56 -2.301) (end 12.56 -2.301) (layer F.SilkS) (width 0.12))
    (fp_line (start -2.56 -5.261) (end 12.56 -5.261) (layer F.SilkS) (width 0.12))
    (fp_line (start -2.56 4.66) (end 12.56 4.66) (layer F.SilkS) (width 0.12))
    (fp_line (start -2.56 -5.261) (end -2.56 4.66) (layer F.SilkS) (width 0.12))
    (fp_line (start 12.56 -5.261) (end 12.56 4.66) (layer F.SilkS) (width 0.12))
    (fp_line (start 1.138 -0.955) (end -0.955 1.138) (layer F.Fab) (width 0.1))
    (fp_line (start 0.955 -1.138) (end -1.138 0.955) (layer F.Fab) (width 0.1))
    (fp_line (start 6.138 -0.955) (end 4.046 1.138) (layer F.Fab) (width 0.1))
    (fp_line (start 5.955 -1.138) (end 3.863 0.955) (layer F.Fab) (width 0.1))
    (fp_line (start 6.275 -1.069) (end 6.228 -1.023) (layer F.SilkS) (width 0.12))
    (fp_line (start 3.966 1.239) (end 3.931 1.274) (layer F.SilkS) (width 0.12))
    (fp_line (start 6.07 -1.275) (end 6.035 -1.239) (layer F.SilkS) (width 0.12))
    (fp_line (start 3.773 1.023) (end 3.726 1.069) (layer F.SilkS) (width 0.12))
    (fp_line (start 11.138 -0.955) (end 9.046 1.138) (layer F.Fab) (width 0.1))
    (fp_line (start 10.955 -1.138) (end 8.863 0.955) (layer F.Fab) (width 0.1))
    (fp_line (start 11.275 -1.069) (end 11.228 -1.023) (layer F.SilkS) (width 0.12))
    (fp_line (start 8.966 1.239) (end 8.931 1.274) (layer F.SilkS) (width 0.12))
    (fp_line (start 11.07 -1.275) (end 11.035 -1.239) (layer F.SilkS) (width 0.12))
    (fp_line (start 8.773 1.023) (end 8.726 1.069) (layer F.SilkS) (width 0.12))
    (fp_line (start -2.8 4.16) (end -2.8 4.9) (layer F.SilkS) (width 0.12))
    (fp_line (start -2.8 4.9) (end -2.3 4.9) (layer F.SilkS) (width 0.12))
    (fp_line (start -3 -5.71) (end -3 5.1) (layer F.CrtYd) (width 0.05))
    (fp_line (start -3 5.1) (end 13 5.1) (layer F.CrtYd) (width 0.05))
    (fp_line (start 13 5.1) (end 13 -5.71) (layer F.CrtYd) (width 0.05))
    (fp_line (start 13 -5.71) (end -3 -5.71) (layer F.CrtYd) (width 0.05))
    (fp_arc (start 0 0) (end 0 1.68) (angle -24) (layer F.SilkS) (width 0.12))
    (fp_arc (start 0 0) (end 1.535 0.684) (angle -48) (layer F.SilkS) (width 0.12))
    (fp_arc (start 0 0) (end 0.684 -1.535) (angle -48) (layer F.SilkS) (width 0.12))
    (fp_arc (start 0 0) (end -1.535 -0.684) (angle -48) (layer F.SilkS) (width 0.12))
    (fp_arc (start 0 0) (end -0.684 1.535) (angle -25) (layer F.SilkS) (width 0.12))
    (fp_text user %R (at 5 3.2 90) (layer F.Fab)
      (effects (font (size 1 1) (thickness 0.15)))
    )
    (pad 1 thru_hole rect (at 0 0 90) (size 2.6 2.6) (drill 1.3) (layers *.Cu *.Mask)
      (net 20 +5V))
    (pad 2 thru_hole circle (at 5 0 90) (size 2.6 2.6) (drill 1.3) (layers *.Cu *.Mask)
      (net 9 A2))
    (pad 3 thru_hole circle (at 10 0 90) (size 2.6 2.6) (drill 1.3) (layers *.Cu *.Mask)
      (net 6 GND))
    (model ${KISYS3DMOD}/TerminalBlock_Phoenix.3dshapes/TerminalBlock_Phoenix_MKDS-1,5-3_1x03_P5.00mm_Horizontal.wrl
      (at (xyz 0 0 0))
      (scale (xyz 1 1 1))
      (rotate (xyz 0 0 0))
    )
  )

  (module TerminalBlock_Phoenix:TerminalBlock_Phoenix_MKDS-1,5-2_1x02_P5.00mm_Horizontal (layer F.Cu) (tedit 5B294EE5) (tstamp 6120D472)
    (at 99.06 63.5 270)
    (descr "Terminal Block Phoenix MKDS-1,5-2, 2 pins, pitch 5mm, size 10x9.8mm^2, drill diamater 1.3mm, pad diameter 2.6mm, see http://www.farnell.com/datasheets/100425.pdf, script-generated using https://github.com/pointhi/kicad-footprint-generator/scripts/TerminalBlock_Phoenix")
    (tags "THT Terminal Block Phoenix MKDS-1,5-2 pitch 5mm size 10x9.8mm^2 drill 1.3mm pad 2.6mm")
    (path /6121AEA5)
    (fp_text reference J6 (at 2.5 -6.26 90) (layer F.Fab)
      (effects (font (size 1 1) (thickness 0.15)))
    )
    (fp_text value HB (at 2.5 5.66 90) (layer F.Fab)
      (effects (font (size 1 1) (thickness 0.15)))
    )
    (fp_circle (center 0 0) (end 1.5 0) (layer F.Fab) (width 0.1))
    (fp_circle (center 5 0) (end 6.5 0) (layer F.Fab) (width 0.1))
    (fp_circle (center 5 0) (end 6.68 0) (layer F.SilkS) (width 0.12))
    (fp_line (start -2.5 -5.2) (end 7.5 -5.2) (layer F.Fab) (width 0.1))
    (fp_line (start 7.5 -5.2) (end 7.5 4.6) (layer F.Fab) (width 0.1))
    (fp_line (start 7.5 4.6) (end -2 4.6) (layer F.Fab) (width 0.1))
    (fp_line (start -2 4.6) (end -2.5 4.1) (layer F.Fab) (width 0.1))
    (fp_line (start -2.5 4.1) (end -2.5 -5.2) (layer F.Fab) (width 0.1))
    (fp_line (start -2.5 4.1) (end 7.5 4.1) (layer F.Fab) (width 0.1))
    (fp_line (start -2.56 4.1) (end 7.56 4.1) (layer F.SilkS) (width 0.12))
    (fp_line (start -2.5 2.6) (end 7.5 2.6) (layer F.Fab) (width 0.1))
    (fp_line (start -2.56 2.6) (end 7.56 2.6) (layer F.SilkS) (width 0.12))
    (fp_line (start -2.5 -2.3) (end 7.5 -2.3) (layer F.Fab) (width 0.1))
    (fp_line (start -2.56 -2.301) (end 7.56 -2.301) (layer F.SilkS) (width 0.12))
    (fp_line (start -2.56 -5.261) (end 7.56 -5.261) (layer F.SilkS) (width 0.12))
    (fp_line (start -2.56 4.66) (end 7.56 4.66) (layer F.SilkS) (width 0.12))
    (fp_line (start -2.56 -5.261) (end -2.56 4.66) (layer F.SilkS) (width 0.12))
    (fp_line (start 7.56 -5.261) (end 7.56 4.66) (layer F.SilkS) (width 0.12))
    (fp_line (start 1.138 -0.955) (end -0.955 1.138) (layer F.Fab) (width 0.1))
    (fp_line (start 0.955 -1.138) (end -1.138 0.955) (layer F.Fab) (width 0.1))
    (fp_line (start 6.138 -0.955) (end 4.046 1.138) (layer F.Fab) (width 0.1))
    (fp_line (start 5.955 -1.138) (end 3.863 0.955) (layer F.Fab) (width 0.1))
    (fp_line (start 6.275 -1.069) (end 6.228 -1.023) (layer F.SilkS) (width 0.12))
    (fp_line (start 3.966 1.239) (end 3.931 1.274) (layer F.SilkS) (width 0.12))
    (fp_line (start 6.07 -1.275) (end 6.035 -1.239) (layer F.SilkS) (width 0.12))
    (fp_line (start 3.773 1.023) (end 3.726 1.069) (layer F.SilkS) (width 0.12))
    (fp_line (start -2.8 4.16) (end -2.8 4.9) (layer F.SilkS) (width 0.12))
    (fp_line (start -2.8 4.9) (end -2.3 4.9) (layer F.SilkS) (width 0.12))
    (fp_line (start -3 -5.71) (end -3 5.1) (layer F.CrtYd) (width 0.05))
    (fp_line (start -3 5.1) (end 8 5.1) (layer F.CrtYd) (width 0.05))
    (fp_line (start 8 5.1) (end 8 -5.71) (layer F.CrtYd) (width 0.05))
    (fp_line (start 8 -5.71) (end -3 -5.71) (layer F.CrtYd) (width 0.05))
    (fp_arc (start 0 0) (end 0 1.68) (angle -24) (layer F.SilkS) (width 0.12))
    (fp_arc (start 0 0) (end 1.535 0.684) (angle -48) (layer F.SilkS) (width 0.12))
    (fp_arc (start 0 0) (end 0.684 -1.535) (angle -48) (layer F.SilkS) (width 0.12))
    (fp_arc (start 0 0) (end -1.535 -0.684) (angle -48) (layer F.SilkS) (width 0.12))
    (fp_arc (start 0 0) (end -0.684 1.535) (angle -25) (layer F.SilkS) (width 0.12))
    (fp_text user %R (at 2.5 3.2 90) (layer F.Fab)
      (effects (font (size 1 1) (thickness 0.15)))
    )
    (pad 1 thru_hole rect (at 0 0 270) (size 2.6 2.6) (drill 1.3) (layers *.Cu *.Mask)
      (net 8 D2))
    (pad 2 thru_hole circle (at 5 0 270) (size 2.6 2.6) (drill 1.3) (layers *.Cu *.Mask)
      (net 6 GND))
    (model ${KISYS3DMOD}/TerminalBlock_Phoenix.3dshapes/TerminalBlock_Phoenix_MKDS-1,5-2_1x02_P5.00mm_Horizontal.wrl
      (at (xyz 0 0 0))
      (scale (xyz 1 1 1))
      (rotate (xyz 0 0 0))
    )
  )

  (module TerminalBlock_Phoenix:TerminalBlock_Phoenix_MKDS-1,5-2_1x02_P5.00mm_Horizontal (layer F.Cu) (tedit 5B294EE5) (tstamp 6120D49E)
    (at 99.06 74.93 270)
    (descr "Terminal Block Phoenix MKDS-1,5-2, 2 pins, pitch 5mm, size 10x9.8mm^2, drill diamater 1.3mm, pad diameter 2.6mm, see http://www.farnell.com/datasheets/100425.pdf, script-generated using https://github.com/pointhi/kicad-footprint-generator/scripts/TerminalBlock_Phoenix")
    (tags "THT Terminal Block Phoenix MKDS-1,5-2 pitch 5mm size 10x9.8mm^2 drill 1.3mm pad 2.6mm")
    (path /6121BDD7)
    (fp_text reference J7 (at 2.5 -6.26 90) (layer F.Fab)
      (effects (font (size 1 1) (thickness 0.15)))
    )
    (fp_text value RE (at 2.5 5.66 90) (layer F.Fab)
      (effects (font (size 1 1) (thickness 0.15)))
    )
    (fp_line (start 8 -5.71) (end -3 -5.71) (layer F.CrtYd) (width 0.05))
    (fp_line (start 8 5.1) (end 8 -5.71) (layer F.CrtYd) (width 0.05))
    (fp_line (start -3 5.1) (end 8 5.1) (layer F.CrtYd) (width 0.05))
    (fp_line (start -3 -5.71) (end -3 5.1) (layer F.CrtYd) (width 0.05))
    (fp_line (start -2.8 4.9) (end -2.3 4.9) (layer F.SilkS) (width 0.12))
    (fp_line (start -2.8 4.16) (end -2.8 4.9) (layer F.SilkS) (width 0.12))
    (fp_line (start 3.773 1.023) (end 3.726 1.069) (layer F.SilkS) (width 0.12))
    (fp_line (start 6.07 -1.275) (end 6.035 -1.239) (layer F.SilkS) (width 0.12))
    (fp_line (start 3.966 1.239) (end 3.931 1.274) (layer F.SilkS) (width 0.12))
    (fp_line (start 6.275 -1.069) (end 6.228 -1.023) (layer F.SilkS) (width 0.12))
    (fp_line (start 5.955 -1.138) (end 3.863 0.955) (layer F.Fab) (width 0.1))
    (fp_line (start 6.138 -0.955) (end 4.046 1.138) (layer F.Fab) (width 0.1))
    (fp_line (start 0.955 -1.138) (end -1.138 0.955) (layer F.Fab) (width 0.1))
    (fp_line (start 1.138 -0.955) (end -0.955 1.138) (layer F.Fab) (width 0.1))
    (fp_line (start 7.56 -5.261) (end 7.56 4.66) (layer F.SilkS) (width 0.12))
    (fp_line (start -2.56 -5.261) (end -2.56 4.66) (layer F.SilkS) (width 0.12))
    (fp_line (start -2.56 4.66) (end 7.56 4.66) (layer F.SilkS) (width 0.12))
    (fp_line (start -2.56 -5.261) (end 7.56 -5.261) (layer F.SilkS) (width 0.12))
    (fp_line (start -2.56 -2.301) (end 7.56 -2.301) (layer F.SilkS) (width 0.12))
    (fp_line (start -2.5 -2.3) (end 7.5 -2.3) (layer F.Fab) (width 0.1))
    (fp_line (start -2.56 2.6) (end 7.56 2.6) (layer F.SilkS) (width 0.12))
    (fp_line (start -2.5 2.6) (end 7.5 2.6) (layer F.Fab) (width 0.1))
    (fp_line (start -2.56 4.1) (end 7.56 4.1) (layer F.SilkS) (width 0.12))
    (fp_line (start -2.5 4.1) (end 7.5 4.1) (layer F.Fab) (width 0.1))
    (fp_line (start -2.5 4.1) (end -2.5 -5.2) (layer F.Fab) (width 0.1))
    (fp_line (start -2 4.6) (end -2.5 4.1) (layer F.Fab) (width 0.1))
    (fp_line (start 7.5 4.6) (end -2 4.6) (layer F.Fab) (width 0.1))
    (fp_line (start 7.5 -5.2) (end 7.5 4.6) (layer F.Fab) (width 0.1))
    (fp_line (start -2.5 -5.2) (end 7.5 -5.2) (layer F.Fab) (width 0.1))
    (fp_circle (center 5 0) (end 6.68 0) (layer F.SilkS) (width 0.12))
    (fp_circle (center 5 0) (end 6.5 0) (layer F.Fab) (width 0.1))
    (fp_circle (center 0 0) (end 1.5 0) (layer F.Fab) (width 0.1))
    (fp_text user %R (at 2.5 3.2 90) (layer F.Fab)
      (effects (font (size 1 1) (thickness 0.15)))
    )
    (fp_arc (start 0 0) (end -0.684 1.535) (angle -25) (layer F.SilkS) (width 0.12))
    (fp_arc (start 0 0) (end -1.535 -0.684) (angle -48) (layer F.SilkS) (width 0.12))
    (fp_arc (start 0 0) (end 0.684 -1.535) (angle -48) (layer F.SilkS) (width 0.12))
    (fp_arc (start 0 0) (end 1.535 0.684) (angle -48) (layer F.SilkS) (width 0.12))
    (fp_arc (start 0 0) (end 0 1.68) (angle -24) (layer F.SilkS) (width 0.12))
    (pad 2 thru_hole circle (at 5 0 270) (size 2.6 2.6) (drill 1.3) (layers *.Cu *.Mask)
      (net 6 GND))
    (pad 1 thru_hole rect (at 0 0 270) (size 2.6 2.6) (drill 1.3) (layers *.Cu *.Mask)
      (net 10 D3))
    (model ${KISYS3DMOD}/TerminalBlock_Phoenix.3dshapes/TerminalBlock_Phoenix_MKDS-1,5-2_1x02_P5.00mm_Horizontal.wrl
      (at (xyz 0 0 0))
      (scale (xyz 1 1 1))
      (rotate (xyz 0 0 0))
    )
  )

  (module TerminalBlock_Phoenix:TerminalBlock_Phoenix_MKDS-1,5-2_1x02_P5.00mm_Horizontal (layer F.Cu) (tedit 5B294EE5) (tstamp 6120834B)
    (at 99.06 86.36 270)
    (descr "Terminal Block Phoenix MKDS-1,5-2, 2 pins, pitch 5mm, size 10x9.8mm^2, drill diamater 1.3mm, pad diameter 2.6mm, see http://www.farnell.com/datasheets/100425.pdf, script-generated using https://github.com/pointhi/kicad-footprint-generator/scripts/TerminalBlock_Phoenix")
    (tags "THT Terminal Block Phoenix MKDS-1,5-2 pitch 5mm size 10x9.8mm^2 drill 1.3mm pad 2.6mm")
    (path /6120860C)
    (fp_text reference J9 (at 2.5 -6.26 90) (layer F.Fab)
      (effects (font (size 1 1) (thickness 0.15)))
    )
    (fp_text value STOP (at 2.5 5.66 90) (layer F.Fab)
      (effects (font (size 1 1) (thickness 0.15)))
    )
    (fp_line (start 8 -5.71) (end -3 -5.71) (layer F.CrtYd) (width 0.05))
    (fp_line (start 8 5.1) (end 8 -5.71) (layer F.CrtYd) (width 0.05))
    (fp_line (start -3 5.1) (end 8 5.1) (layer F.CrtYd) (width 0.05))
    (fp_line (start -3 -5.71) (end -3 5.1) (layer F.CrtYd) (width 0.05))
    (fp_line (start -2.8 4.9) (end -2.3 4.9) (layer F.SilkS) (width 0.12))
    (fp_line (start -2.8 4.16) (end -2.8 4.9) (layer F.SilkS) (width 0.12))
    (fp_line (start 3.773 1.023) (end 3.726 1.069) (layer F.SilkS) (width 0.12))
    (fp_line (start 6.07 -1.275) (end 6.035 -1.239) (layer F.SilkS) (width 0.12))
    (fp_line (start 3.966 1.239) (end 3.931 1.274) (layer F.SilkS) (width 0.12))
    (fp_line (start 6.275 -1.069) (end 6.228 -1.023) (layer F.SilkS) (width 0.12))
    (fp_line (start 5.955 -1.138) (end 3.863 0.955) (layer F.Fab) (width 0.1))
    (fp_line (start 6.138 -0.955) (end 4.046 1.138) (layer F.Fab) (width 0.1))
    (fp_line (start 0.955 -1.138) (end -1.138 0.955) (layer F.Fab) (width 0.1))
    (fp_line (start 1.138 -0.955) (end -0.955 1.138) (layer F.Fab) (width 0.1))
    (fp_line (start 7.56 -5.261) (end 7.56 4.66) (layer F.SilkS) (width 0.12))
    (fp_line (start -2.56 -5.261) (end -2.56 4.66) (layer F.SilkS) (width 0.12))
    (fp_line (start -2.56 4.66) (end 7.56 4.66) (layer F.SilkS) (width 0.12))
    (fp_line (start -2.56 -5.261) (end 7.56 -5.261) (layer F.SilkS) (width 0.12))
    (fp_line (start -2.56 -2.301) (end 7.56 -2.301) (layer F.SilkS) (width 0.12))
    (fp_line (start -2.5 -2.3) (end 7.5 -2.3) (layer F.Fab) (width 0.1))
    (fp_line (start -2.56 2.6) (end 7.56 2.6) (layer F.SilkS) (width 0.12))
    (fp_line (start -2.5 2.6) (end 7.5 2.6) (layer F.Fab) (width 0.1))
    (fp_line (start -2.56 4.1) (end 7.56 4.1) (layer F.SilkS) (width 0.12))
    (fp_line (start -2.5 4.1) (end 7.5 4.1) (layer F.Fab) (width 0.1))
    (fp_line (start -2.5 4.1) (end -2.5 -5.2) (layer F.Fab) (width 0.1))
    (fp_line (start -2 4.6) (end -2.5 4.1) (layer F.Fab) (width 0.1))
    (fp_line (start 7.5 4.6) (end -2 4.6) (layer F.Fab) (width 0.1))
    (fp_line (start 7.5 -5.2) (end 7.5 4.6) (layer F.Fab) (width 0.1))
    (fp_line (start -2.5 -5.2) (end 7.5 -5.2) (layer F.Fab) (width 0.1))
    (fp_circle (center 5 0) (end 6.68 0) (layer F.SilkS) (width 0.12))
    (fp_circle (center 5 0) (end 6.5 0) (layer F.Fab) (width 0.1))
    (fp_circle (center 0 0) (end 1.5 0) (layer F.Fab) (width 0.1))
    (fp_arc (start 0 0) (end 0 1.68) (angle -24) (layer F.SilkS) (width 0.12))
    (fp_arc (start 0 0) (end 1.535 0.684) (angle -48) (layer F.SilkS) (width 0.12))
    (fp_arc (start 0 0) (end 0.684 -1.535) (angle -48) (layer F.SilkS) (width 0.12))
    (fp_arc (start 0 0) (end -1.535 -0.684) (angle -48) (layer F.SilkS) (width 0.12))
    (fp_arc (start 0 0) (end -0.684 1.535) (angle -25) (layer F.SilkS) (width 0.12))
    (fp_text user %R (at 2.5 3.2 90) (layer F.Fab)
      (effects (font (size 1 1) (thickness 0.15)))
    )
    (pad 1 thru_hole rect (at 0 0 270) (size 2.6 2.6) (drill 1.3) (layers *.Cu *.Mask)
      (net 28 D4))
    (pad 2 thru_hole circle (at 5 0 270) (size 2.6 2.6) (drill 1.3) (layers *.Cu *.Mask)
      (net 6 GND))
    (model ${KISYS3DMOD}/TerminalBlock_Phoenix.3dshapes/TerminalBlock_Phoenix_MKDS-1,5-2_1x02_P5.00mm_Horizontal.wrl
      (at (xyz 0 0 0))
      (scale (xyz 1 1 1))
      (rotate (xyz 0 0 0))
    )
  )

  (gr_line (start 92.71 111.76) (end 92.71 59.69) (layer Edge.Cuts) (width 0.05) (tstamp 6120F38C))
  (gr_text Throttle (at 129.05232 85.43798 90) (layer F.SilkS)
    (effects (font (size 1 1) (thickness 0.15)))
  )
  (gr_text "Emergency\nSTOP" (at 106.7943 88.59012 270) (layer F.SilkS)
    (effects (font (size 1 1) (thickness 0.15)))
  )
  (gr_text Handbrake (at 105.8926 65.90284 270) (layer F.SilkS)
    (effects (font (size 1 1) (thickness 0.15)))
  )
  (gr_text Reverse (at 106.02468 78.6765 270) (layer F.SilkS)
    (effects (font (size 1 1) (thickness 0.15)))
  )
  (gr_text "Brake " (at 129.05232 68.02628 90) (layer F.SilkS)
    (effects (font (size 1 1) (thickness 0.15)))
  )
  (gr_text - (at 131.05638 63.05042 90) (layer F.SilkS) (tstamp 6120F598)
    (effects (font (size 1 1) (thickness 0.15)))
  )
  (gr_text + (at 130.91922 72.80402) (layer F.SilkS) (tstamp 6120F597)
    (effects (font (size 1 1) (thickness 0.15)))
  )
  (gr_text - (at 131.07162 80.60182 90) (layer F.SilkS) (tstamp 6120F598)
    (effects (font (size 1 1) (thickness 0.15)))
  )
  (gr_text + (at 130.93446 90.35542) (layer F.SilkS) (tstamp 6120F597)
    (effects (font (size 1 1) (thickness 0.15)))
  )
  (gr_line (start 131.45008 68.29552) (end 130.81 68.22694) (layer F.SilkS) (width 0.12) (tstamp 6120F574))
  (gr_line (start 130.81 68.22694) (end 131.16306 68.05422) (layer F.SilkS) (width 0.12) (tstamp 6120F573))
  (gr_line (start 131.16306 68.05422) (end 130.42138 67.95262) (layer F.SilkS) (width 0.12) (tstamp 6120F572))
  (gr_line (start 130.59918 68.25742) (end 130.35534 67.95262) (layer F.SilkS) (width 0.12) (tstamp 6120F571))
  (gr_line (start 130.35534 67.95262) (end 130.6576 67.73164) (layer F.SilkS) (width 0.12) (tstamp 6120F570))
  (gr_line (start 131.65074 85.46592) (end 131.01066 85.39734) (layer F.SilkS) (width 0.12) (tstamp 6120F574))
  (gr_line (start 131.01066 85.39734) (end 131.36372 85.22462) (layer F.SilkS) (width 0.12) (tstamp 6120F573))
