(kicad_pcb (version 20171130) (host pcbnew "(5.1.10)-1")

  (general
    (thickness 1.6)
    (drawings 115)
    (tracks 420)
    (zones 0)
    (modules 24)
    (nets 87)
  )

  (page A4)
  (layers
    (0 F.Cu signal)
    (31 B.Cu signal)
    (32 B.Adhes user)
    (33 F.Adhes user)
    (34 B.Paste user)
    (35 F.Paste user)
    (36 B.SilkS user)
    (37 F.SilkS user)
    (38 B.Mask user)
    (39 F.Mask user)
    (40 Dwgs.User user)
    (41 Cmts.User user)
    (42 Eco1.User user)
    (43 Eco2.User user)
    (44 Edge.Cuts user)
    (45 Margin user)
    (46 B.CrtYd user)
    (47 F.CrtYd user)
    (48 B.Fab user)
    (49 F.Fab user hide)
  )

  (setup
    (last_trace_width 0.5)
    (user_trace_width 1)
    (trace_clearance 0.5)
    (zone_clearance 0.508)
    (zone_45_only no)
    (trace_min 0.3048)
    (via_size 1.5)
    (via_drill 0.8)
    (via_min_size 0.5)
    (via_min_drill 0.3)
    (user_via 2 1)
    (uvia_size 0.3)
    (uvia_drill 0.1)
    (uvias_allowed no)
    (uvia_min_size 0.2)
    (uvia_min_drill 0.1)
    (edge_width 0.05)
    (segment_width 0.2)
    (pcb_text_width 0.3)
    (pcb_text_size 1.5 1.5)
    (mod_edge_width 0.12)
    (mod_text_size 1 1)
    (mod_text_width 0.15)
    (pad_size 1.524 1.524)
    (pad_drill 0.762)
    (pad_to_mask_clearance 0)
    (aux_axis_origin 0 0)
    (visible_elements 7FFFFFFF)
    (pcbplotparams
      (layerselection 0x010fc_ffffffff)
      (usegerberextensions false)
      (usegerberattributes true)
      (usegerberadvancedattributes true)
      (creategerberjobfile true)
      (excludeedgelayer true)
      (linewidth 0.100000)
      (plotframeref false)
      (viasonmask false)
      (mode 1)
      (useauxorigin false)
      (hpglpennumber 1)
      (hpglpenspeed 20)
      (hpglpendiameter 15.000000)
      (psnegative false)
      (psa4output false)
      (plotreference true)
      (plotvalue true)
      (plotinvisibletext false)
      (padsonsilk false)
      (subtractmaskfromsilk false)
      (outputformat 1)
      (mirror false)
      (drillshape 0)
      (scaleselection 1)
      (outputdirectory "gerber/"))
  )

  (net 0 "")
  (net 1 "Net-(A1-Pad1)")
  (net 2 "Net-(A1-Pad17)")
  (net 3 "Net-(A1-Pad2)")
  (net 4 +5V)
  (net 5 "Net-(A1-Pad3)")
  (net 6 POT1)
  (net 7 GND)
  (net 8 POT2)
  (net 9 "Net-(A1-Pad5)")
  (net 10 POT3)
  (net 11 "Net-(A1-Pad6)")
  (net 12 "Net-(A1-Pad22)")
  (net 13 "Net-(A1-Pad7)")
  (net 14 "Net-(A1-Pad23)")
  (net 15 "Net-(A1-Pad8)")
  (net 16 "Net-(A1-Pad24)")
  (net 17 "Net-(A1-Pad9)")
  (net 18 "Net-(A1-Pad25)")
  (net 19 "Net-(A1-Pad10)")
  (net 20 "Net-(A1-Pad26)")
  (net 21 "Net-(A1-Pad11)")
  (net 22 "Net-(A1-Pad27)")
  (net 23 "Net-(A1-Pad12)")
  (net 24 "Net-(A1-Pad28)")
  (net 25 "Net-(A1-Pad13)")
  (net 26 "Net-(A1-Pad14)")
  (net 27 "Net-(A1-Pad30)")
  (net 28 "Net-(A1-Pad15)")
  (net 29 "Net-(A1-Pad16)")
  (net 30 +3V3)
  (net 31 M2+)
  (net 32 M2-)
  (net 33 A2)
  (net 34 B2)
  (net 35 M1+)
  (net 36 M1-)
  (net 37 A1)
  (net 38 B1)
  (net 39 M3+)
  (net 40 M3-)
  (net 41 A3)
  (net 42 B3)
  (net 43 IN3_M2)
  (net 44 ENA_M1)
  (net 45 IN4_M2)
  (net 46 "Net-(J7-Pad9)")
  (net 47 "Net-(J7-Pad8)")
  (net 48 IN1_M1)
  (net 49 "Net-(J7-Pad6)")
  (net 50 IN2_M1)
  (net 51 "Net-(J7-Pad4)")
  (net 52 "Net-(J7-Pad3)")
  (net 53 "Net-(J7-Pad2)")
  (net 54 "Net-(J7-Pad1)")
  (net 55 "Net-(J8-Pad1)")
  (net 56 "Net-(J8-Pad2)")
  (net 57 "Net-(J8-Pad3)")
  (net 58 "Net-(J8-Pad4)")
  (net 59 "Net-(J8-Pad5)")
  (net 60 "Net-(J8-Pad6)")
  (net 61 "Net-(J8-Pad9)")
  (net 62 "Net-(J8-Pad10)")
  (net 63 "Net-(J8-Pad11)")
  (net 64 "Net-(J8-Pad12)")
  (net 65 "Net-(J9-Pad3)")
  (net 66 ENA_M3)
  (net 67 IN1_M3)
  (net 68 IN2_M3)
  (net 69 "Net-(J9-Pad7)")
  (net 70 ENB_M2)
  (net 71 "Net-(J9-Pad9)")
  (net 72 "Net-(J9-Pad10)")
  (net 73 "Net-(J9-Pad12)")
  (net 74 "Net-(J9-Pad14)")
  (net 75 "Net-(J9-Pad15)")
  (net 76 "Net-(J9-Pad16)")
  (net 77 "Net-(J9-Pad17)")
  (net 78 "Net-(J9-Pad20)")
  (net 79 +12V)
  (net 80 "Net-(J16-Pad2)")
  (net 81 "Net-(J17-Pad2)")
  (net 82 "Net-(U2-Pad6)")
  (net 83 "Net-(U2-Pad4)")
  (net 84 "Net-(U2-Pad3)")
  (net 85 "Net-(U2-Pad13)")
  (net 86 "Net-(U2-Pad12)")

  (net_class Default "This is the default net class."
    (clearance 0.5)
    (trace_width 0.5)
    (via_dia 1.5)
    (via_drill 0.8)
    (uvia_dia 0.3)
    (uvia_drill 0.1)
    (diff_pair_width 0.4)
    (diff_pair_gap 0.4)
    (add_net +12V)
    (add_net +3V3)
    (add_net +5V)
    (add_net A1)
    (add_net A2)
    (add_net A3)
    (add_net B1)
    (add_net B2)
    (add_net B3)
    (add_net ENA_M1)
    (add_net ENA_M3)
    (add_net ENB_M2)
    (add_net GND)
    (add_net IN1_M1)
    (add_net IN1_M3)
    (add_net IN2_M1)
    (add_net IN2_M3)
    (add_net IN3_M2)
    (add_net IN4_M2)
    (add_net M1+)
    (add_net M1-)
    (add_net M2+)
    (add_net M2-)
    (add_net M3+)
    (add_net M3-)
    (add_net "Net-(A1-Pad1)")
    (add_net "Net-(A1-Pad10)")
    (add_net "Net-(A1-Pad11)")
    (add_net "Net-(A1-Pad12)")
    (add_net "Net-(A1-Pad13)")
    (add_net "Net-(A1-Pad14)")
    (add_net "Net-(A1-Pad15)")
    (add_net "Net-(A1-Pad16)")
    (add_net "Net-(A1-Pad17)")
    (add_net "Net-(A1-Pad2)")
    (add_net "Net-(A1-Pad22)")
    (add_net "Net-(A1-Pad23)")
    (add_net "Net-(A1-Pad24)")
    (add_net "Net-(A1-Pad25)")
    (add_net "Net-(A1-Pad26)")
    (add_net "Net-(A1-Pad27)")
    (add_net "Net-(A1-Pad28)")
    (add_net "Net-(A1-Pad3)")
    (add_net "Net-(A1-Pad30)")
    (add_net "Net-(A1-Pad5)")
    (add_net "Net-(A1-Pad6)")
    (add_net "Net-(A1-Pad7)")
    (add_net "Net-(A1-Pad8)")
    (add_net "Net-(A1-Pad9)")
    (add_net "Net-(J16-Pad2)")
    (add_net "Net-(J17-Pad2)")
    (add_net "Net-(J7-Pad1)")
    (add_net "Net-(J7-Pad2)")
    (add_net "Net-(J7-Pad3)")
    (add_net "Net-(J7-Pad4)")
    (add_net "Net-(J7-Pad6)")
    (add_net "Net-(J7-Pad8)")
    (add_net "Net-(J7-Pad9)")
    (add_net "Net-(J8-Pad1)")
    (add_net "Net-(J8-Pad10)")
    (add_net "Net-(J8-Pad11)")
    (add_net "Net-(J8-Pad12)")
    (add_net "Net-(J8-Pad2)")
    (add_net "Net-(J8-Pad3)")
    (add_net "Net-(J8-Pad4)")
    (add_net "Net-(J8-Pad5)")
    (add_net "Net-(J8-Pad6)")
    (add_net "Net-(J8-Pad9)")
    (add_net "Net-(J9-Pad10)")
    (add_net "Net-(J9-Pad12)")
    (add_net "Net-(J9-Pad14)")
    (add_net "Net-(J9-Pad15)")
    (add_net "Net-(J9-Pad16)")
    (add_net "Net-(J9-Pad17)")
    (add_net "Net-(J9-Pad20)")
    (add_net "Net-(J9-Pad3)")
    (add_net "Net-(J9-Pad7)")
    (add_net "Net-(J9-Pad9)")
    (add_net "Net-(U2-Pad12)")
    (add_net "Net-(U2-Pad13)")
    (add_net "Net-(U2-Pad3)")
    (add_net "Net-(U2-Pad4)")
    (add_net "Net-(U2-Pad6)")
    (add_net POT1)
    (add_net POT2)
    (add_net POT3)
  )

  (module Connector_PinHeader_2.54mm:PinHeader_1x02_P2.54mm_Vertical (layer F.Cu) (tedit 59FED5CC) (tstamp 6100E8DB)
    (at 106.68 92.71)
    (descr "Through hole straight pin header, 1x02, 2.54mm pitch, single row")
    (tags "Through hole pin header THT 1x02 2.54mm single row")
    (path /61022F94)
    (fp_text reference J19 (at 0 -2.33) (layer F.Fab)
      (effects (font (size 1 1) (thickness 0.15)))
    )
    (fp_text value rev (at 0 4.87) (layer F.Fab)
      (effects (font (size 1 1) (thickness 0.15)))
    )
    (fp_text user %R (at 0 1.27 90) (layer F.Fab)
      (effects (font (size 1 1) (thickness 0.15)))
    )
    (fp_line (start -0.635 -1.27) (end 1.27 -1.27) (layer F.Fab) (width 0.1))
    (fp_line (start 1.27 -1.27) (end 1.27 3.81) (layer F.Fab) (width 0.1))
    (fp_line (start 1.27 3.81) (end -1.27 3.81) (layer F.Fab) (width 0.1))
    (fp_line (start -1.27 3.81) (end -1.27 -0.635) (layer F.Fab) (width 0.1))
    (fp_line (start -1.27 -0.635) (end -0.635 -1.27) (layer F.Fab) (width 0.1))
    (fp_line (start -1.33 3.87) (end 1.33 3.87) (layer F.SilkS) (width 0.12))
    (fp_line (start -1.33 1.27) (end -1.33 3.87) (layer F.SilkS) (width 0.12))
    (fp_line (start 1.33 1.27) (end 1.33 3.87) (layer F.SilkS) (width 0.12))
    (fp_line (start -1.33 1.27) (end 1.33 1.27) (layer F.SilkS) (width 0.12))
    (fp_line (start -1.33 0) (end -1.33 -1.33) (layer F.SilkS) (width 0.12))
    (fp_line (start -1.33 -1.33) (end 0 -1.33) (layer F.SilkS) (width 0.12))
    (fp_line (start -1.8 -1.8) (end -1.8 4.35) (layer F.CrtYd) (width 0.05))
    (fp_line (start -1.8 4.35) (end 1.8 4.35) (layer F.CrtYd) (width 0.05))
    (fp_line (start 1.8 4.35) (end 1.8 -1.8) (layer F.CrtYd) (width 0.05))
    (fp_line (start 1.8 -1.8) (end -1.8 -1.8) (layer F.CrtYd) (width 0.05))
    (pad 2 thru_hole oval (at 0 2.54) (size 1.7 1.7) (drill 1) (layers *.Cu *.Mask)
      (net 9 "Net-(A1-Pad5)"))
    (pad 1 thru_hole rect (at 0 0) (size 1.7 1.7) (drill 1) (layers *.Cu *.Mask)
      (net 7 GND))
    (model ${KISYS3DMOD}/Connector_PinHeader_2.54mm.3dshapes/PinHeader_1x02_P2.54mm_Vertical.wrl
      (at (xyz 0 0 0))
      (scale (xyz 1 1 1))
      (rotate (xyz 0 0 0))
    )
  )

  (module Connector_PinHeader_2.54mm:PinHeader_1x02_P2.54mm_Vertical (layer F.Cu) (tedit 59FED5CC) (tstamp 6100E907)
    (at 111.125 83.82)
    (descr "Through hole straight pin header, 1x02, 2.54mm pitch, single row")
    (tags "Through hole pin header THT 1x02 2.54mm single row")
    (path /61017603)
    (fp_text reference J21 (at 0 -2.33) (layer F.Fab)
      (effects (font (size 1 1) (thickness 0.15)))
    )
    (fp_text value arduinoPWR (at 0 4.87) (layer F.Fab)
      (effects (font (size 1 1) (thickness 0.15)))
    )
    (fp_line (start 1.8 -1.8) (end -1.8 -1.8) (layer F.CrtYd) (width 0.05))
    (fp_line (start 1.8 4.35) (end 1.8 -1.8) (layer F.CrtYd) (width 0.05))
    (fp_line (start -1.8 4.35) (end 1.8 4.35) (layer F.CrtYd) (width 0.05))
    (fp_line (start -1.8 -1.8) (end -1.8 4.35) (layer F.CrtYd) (width 0.05))
    (fp_line (start -1.33 -1.33) (end 0 -1.33) (layer F.SilkS) (width 0.12))
    (fp_line (start -1.33 0) (end -1.33 -1.33) (layer F.SilkS) (width 0.12))
    (fp_line (start -1.33 1.27) (end 1.33 1.27) (layer F.SilkS) (width 0.12))
    (fp_line (start 1.33 1.27) (end 1.33 3.87) (layer F.SilkS) (width 0.12))
    (fp_line (start -1.33 1.27) (end -1.33 3.87) (layer F.SilkS) (width 0.12))
    (fp_line (start -1.33 3.87) (end 1.33 3.87) (layer F.SilkS) (width 0.12))
    (fp_line (start -1.27 -0.635) (end -0.635 -1.27) (layer F.Fab) (width 0.1))
    (fp_line (start -1.27 3.81) (end -1.27 -0.635) (layer F.Fab) (width 0.1))
    (fp_line (start 1.27 3.81) (end -1.27 3.81) (layer F.Fab) (width 0.1))
    (fp_line (start 1.27 -1.27) (end 1.27 3.81) (layer F.Fab) (width 0.1))
    (fp_line (start -0.635 -1.27) (end 1.27 -1.27) (layer F.Fab) (width 0.1))
    (fp_text user %R (at 0 1.27 90) (layer F.Fab)
      (effects (font (size 1 1) (thickness 0.15)))
    )
    (pad 1 thru_hole rect (at 0 0) (size 1.7 1.7) (drill 1) (layers *.Cu *.Mask)
      (net 2 "Net-(A1-Pad17)"))
    (pad 2 thru_hole oval (at 0 2.54) (size 1.7 1.7) (drill 1) (layers *.Cu *.Mask)
      (net 22 "Net-(A1-Pad27)"))
    (model ${KISYS3DMOD}/Connector_PinHeader_2.54mm.3dshapes/PinHeader_1x02_P2.54mm_Vertical.wrl
      (at (xyz 0 0 0))
      (scale (xyz 1 1 1))
      (rotate (xyz 0 0 0))
    )
  )

  (module Connector_PinHeader_2.54mm:PinHeader_1x02_P2.54mm_Vertical (layer F.Cu) (tedit 59FED5CC) (tstamp 6100E8F1)
    (at 110.49 92.71)
    (descr "Through hole straight pin header, 1x02, 2.54mm pitch, single row")
    (tags "Through hole pin header THT 1x02 2.54mm single row")
    (path /6102398C)
    (fp_text reference J20 (at 0 -2.33) (layer F.Fab)
      (effects (font (size 1 1) (thickness 0.15)))
    )
    (fp_text value hb (at 0 4.87) (layer F.Fab)
      (effects (font (size 1 1) (thickness 0.15)))
    )
    (fp_line (start 1.8 -1.8) (end -1.8 -1.8) (layer F.CrtYd) (width 0.05))
    (fp_line (start 1.8 4.35) (end 1.8 -1.8) (layer F.CrtYd) (width 0.05))
    (fp_line (start -1.8 4.35) (end 1.8 4.35) (layer F.CrtYd) (width 0.05))
    (fp_line (start -1.8 -1.8) (end -1.8 4.35) (layer F.CrtYd) (width 0.05))
    (fp_line (start -1.33 -1.33) (end 0 -1.33) (layer F.SilkS) (width 0.12))
    (fp_line (start -1.33 0) (end -1.33 -1.33) (layer F.SilkS) (width 0.12))
    (fp_line (start -1.33 1.27) (end 1.33 1.27) (layer F.SilkS) (width 0.12))
    (fp_line (start 1.33 1.27) (end 1.33 3.87) (layer F.SilkS) (width 0.12))
    (fp_line (start -1.33 1.27) (end -1.33 3.87) (layer F.SilkS) (width 0.12))
    (fp_line (start -1.33 3.87) (end 1.33 3.87) (layer F.SilkS) (width 0.12))
    (fp_line (start -1.27 -0.635) (end -0.635 -1.27) (layer F.Fab) (width 0.1))
    (fp_line (start -1.27 3.81) (end -1.27 -0.635) (layer F.Fab) (width 0.1))
    (fp_line (start 1.27 3.81) (end -1.27 3.81) (layer F.Fab) (width 0.1))
    (fp_line (start 1.27 -1.27) (end 1.27 3.81) (layer F.Fab) (width 0.1))
    (fp_line (start -0.635 -1.27) (end 1.27 -1.27) (layer F.Fab) (width 0.1))
    (fp_text user %R (at 0 1.27 90) (layer F.Fab)
      (effects (font (size 1 1) (thickness 0.15)))
    )
    (pad 1 thru_hole rect (at 0 0) (size 1.7 1.7) (drill 1) (layers *.Cu *.Mask)
      (net 7 GND))
    (pad 2 thru_hole oval (at 0 2.54) (size 1.7 1.7) (drill 1) (layers *.Cu *.Mask)
      (net 11 "Net-(A1-Pad6)"))
    (model ${KISYS3DMOD}/Connector_PinHeader_2.54mm.3dshapes/PinHeader_1x02_P2.54mm_Vertical.wrl
      (at (xyz 0 0 0))
      (scale (xyz 1 1 1))
      (rotate (xyz 0 0 0))
    )
  )

  (module Module:L298N (layer F.Cu) (tedit 60FB0656) (tstamp 60FAD0C3)
    (at 232.41 62.23)
    (path /60FB7256)
    (fp_text reference U2 (at 0 -7.62) (layer F.Fab)
      (effects (font (size 1 1) (thickness 0.15)))
    )
    (fp_text value "L298N 2" (at 0 -10.16) (layer F.Fab)
      (effects (font (size 1 1) (thickness 0.15)))
    )
    (fp_line (start -22.86 5.08) (end 21.59 5.08) (layer F.SilkS) (width 0.12))
    (fp_line (start 21.59 5.08) (end 22.86 5.08) (layer F.SilkS) (width 0.12))
    (fp_line (start 22.86 5.08) (end 22.86 -16.51) (layer F.SilkS) (width 0.12))
    (fp_line (start 22.86 -16.51) (end -22.86 -16.51) (layer F.SilkS) (width 0.12))
    (fp_line (start -22.86 -16.51) (end -22.86 5.08) (layer F.SilkS) (width 0.12))
    (pad 10 thru_hole circle (at -17.89 -11.704) (size 2.6 2.6) (drill 1) (layers *.Cu *.Mask)
      (net 39 M3+))
    (pad 11 thru_hole circle (at -17.89 -6.72) (size 2.6 2.6) (drill 1) (layers *.Cu *.Mask)
      (net 40 M3-))
    (pad 12 thru_hole circle (at 18.339 -11.704) (size 2.6 2.6) (drill 1) (layers *.Cu *.Mask)
      (net 86 "Net-(U2-Pad12)"))
    (pad 13 thru_hole circle (at 18.339 -6.72) (size 2.6 2.6) (drill 1) (layers *.Cu *.Mask)
      (net 85 "Net-(U2-Pad13)"))
    (pad 7 thru_hole circle (at -13.97 1.27) (size 2.6 2.6) (drill 1) (layers *.Cu *.Mask)
      (net 79 +12V))
    (pad 8 thru_hole circle (at -8.89 1.27) (size 2.6 2.6) (drill 1) (layers *.Cu *.Mask)
      (net 7 GND))
    (pad 9 thru_hole circle (at -3.81 1.27) (size 2.6 2.6) (drill 1) (layers *.Cu *.Mask)
      (net 81 "Net-(J17-Pad2)"))
    (pad ~ thru_hole circle (at 2.54 0) (size 1.7 1.7) (drill 1) (layers *.Cu *.Mask))
    (pad 5 thru_hole circle (at 2.54 2.54) (size 1.7 1.7) (drill 1) (layers *.Cu *.Mask)
      (net 66 ENA_M3))
    (pad 1 thru_hole circle (at 5.08 2.54) (size 1.7 1.7) (drill 1) (layers *.Cu *.Mask)
      (net 67 IN1_M3))
    (pad 2 thru_hole circle (at 7.62 2.54) (size 1.7 1.7) (drill 1) (layers *.Cu *.Mask)
      (net 68 IN2_M3))
    (pad 3 thru_hole circle (at 10.16 2.54) (size 1.7 1.7) (drill 1) (layers *.Cu *.Mask)
      (net 84 "Net-(U2-Pad3)"))
    (pad 4 thru_hole circle (at 12.7 2.54) (size 1.7 1.7) (drill 1) (layers *.Cu *.Mask)
      (net 83 "Net-(U2-Pad4)"))
    (pad 6 thru_hole circle (at 15.24 2.54) (size 1.7 1.7) (drill 1) (layers *.Cu *.Mask)
      (net 82 "Net-(U2-Pad6)"))
    (pad ~ thru_hole circle (at 15.24 0) (size 1.7 1.7) (drill 1) (layers *.Cu *.Mask))
  )

  (module Module:L298N (layer F.Cu) (tedit 60FB0656) (tstamp 60FAD108)
    (at 185.42 62.23)
    (path /60FB5783)
    (fp_text reference U1 (at 0 -7.62) (layer F.Fab)
      (effects (font (size 1 1) (thickness 0.15)))
    )
    (fp_text value "L298N 1" (at 0 -10.16) (layer F.Fab)
      (effects (font (size 1 1) (thickness 0.15)))
    )
    (fp_line (start -22.86 5.08) (end 21.59 5.08) (layer F.SilkS) (width 0.12))
    (fp_line (start 21.59 5.08) (end 22.86 5.08) (layer F.SilkS) (width 0.12))
    (fp_line (start 22.86 5.08) (end 22.86 -16.51) (layer F.SilkS) (width 0.12))
    (fp_line (start 22.86 -16.51) (end -22.86 -16.51) (layer F.SilkS) (width 0.12))
    (fp_line (start -22.86 -16.51) (end -22.86 5.08) (layer F.SilkS) (width 0.12))
    (pad 10 thru_hole circle (at -17.89 -11.704) (size 2.6 2.6) (drill 1) (layers *.Cu *.Mask)
      (net 31 M2+))
    (pad 11 thru_hole circle (at -17.89 -6.72) (size 2.6 2.6) (drill 1) (layers *.Cu *.Mask)
      (net 32 M2-))
    (pad 12 thru_hole circle (at 18.339 -11.704) (size 2.6 2.6) (drill 1) (layers *.Cu *.Mask)
      (net 35 M1+))
    (pad 13 thru_hole circle (at 18.339 -6.72) (size 2.6 2.6) (drill 1) (layers *.Cu *.Mask)
      (net 36 M1-))
    (pad 7 thru_hole circle (at -13.97 1.27) (size 2.6 2.6) (drill 1) (layers *.Cu *.Mask)
      (net 79 +12V))
    (pad 8 thru_hole circle (at -8.89 1.27) (size 2.6 2.6) (drill 1) (layers *.Cu *.Mask)
      (net 7 GND))
    (pad 9 thru_hole circle (at -3.81 1.27) (size 2.6 2.6) (drill 1) (layers *.Cu *.Mask)
      (net 80 "Net-(J16-Pad2)"))
    (pad ~ thru_hole circle (at 2.54 0) (size 1.7 1.7) (drill 1) (layers *.Cu *.Mask))
    (pad 5 thru_hole circle (at 2.54 2.54) (size 1.7 1.7) (drill 1) (layers *.Cu *.Mask)
      (net 44 ENA_M1))
    (pad 1 thru_hole circle (at 5.08 2.54) (size 1.7 1.7) (drill 1) (layers *.Cu *.Mask)
      (net 48 IN1_M1))
    (pad 2 thru_hole circle (at 7.62 2.54) (size 1.7 1.7) (drill 1) (layers *.Cu *.Mask)
      (net 50 IN2_M1))
    (pad 3 thru_hole circle (at 10.16 2.54) (size 1.7 1.7) (drill 1) (layers *.Cu *.Mask)
      (net 43 IN3_M2))
    (pad 4 thru_hole circle (at 12.7 2.54) (size 1.7 1.7) (drill 1) (layers *.Cu *.Mask)
      (net 45 IN4_M2))
    (pad 6 thru_hole circle (at 15.24 2.54) (size 1.7 1.7) (drill 1) (layers *.Cu *.Mask)
      (net 70 ENB_M2))
    (pad ~ thru_hole circle (at 15.24 0) (size 1.7 1.7) (drill 1) (layers *.Cu *.Mask))
  )

  (module Module:Arduino_Nano (layer F.Cu) (tedit 58ACAF70) (tstamp 60FA9D70)
    (at 99.06 80.01 270)
    (descr "Arduino Nano, http://www.mouser.com/pdfdocs/Gravitech_Arduino_Nano3_0.pdf")
    (tags "Arduino Nano")
    (path /60FA338C)
    (fp_text reference A1 (at 7.62 -5.08 90) (layer F.Fab)
      (effects (font (size 1 1) (thickness 0.15)))
    )
    (fp_text value Arduino_Nano_v2 (at 8.89 19.05) (layer F.Fab)
      (effects (font (size 1 1) (thickness 0.15)))
    )
    (fp_line (start 16.75 42.16) (end -1.53 42.16) (layer F.CrtYd) (width 0.05))
    (fp_line (start 16.75 42.16) (end 16.75 -4.06) (layer F.CrtYd) (width 0.05))
    (fp_line (start -1.53 -4.06) (end -1.53 42.16) (layer F.CrtYd) (width 0.05))
    (fp_line (start -1.53 -4.06) (end 16.75 -4.06) (layer F.CrtYd) (width 0.05))
    (fp_line (start 16.51 -3.81) (end 16.51 39.37) (layer F.Fab) (width 0.1))
    (fp_line (start 0 -3.81) (end 16.51 -3.81) (layer F.Fab) (width 0.1))
    (fp_line (start -1.27 -2.54) (end 0 -3.81) (layer F.Fab) (width 0.1))
    (fp_line (start -1.27 39.37) (end -1.27 -2.54) (layer F.Fab) (width 0.1))
    (fp_line (start 16.51 39.37) (end -1.27 39.37) (layer F.Fab) (width 0.1))
    (fp_line (start 16.64 -3.94) (end -1.4 -3.94) (layer F.SilkS) (width 0.12))
    (fp_line (start 16.64 39.5) (end 16.64 -3.94) (layer F.SilkS) (width 0.12))
    (fp_line (start -1.4 39.5) (end 16.64 39.5) (layer F.SilkS) (width 0.12))
    (fp_line (start 3.81 41.91) (end 3.81 31.75) (layer F.Fab) (width 0.1))
    (fp_line (start 11.43 41.91) (end 3.81 41.91) (layer F.Fab) (width 0.1))
    (fp_line (start 11.43 31.75) (end 11.43 41.91) (layer F.Fab) (width 0.1))
    (fp_line (start 3.81 31.75) (end 11.43 31.75) (layer F.Fab) (width 0.1))
    (fp_line (start 1.27 36.83) (end -1.4 36.83) (layer F.SilkS) (width 0.12))
    (fp_line (start 1.27 1.27) (end 1.27 36.83) (layer F.SilkS) (width 0.12))
    (fp_line (start 1.27 1.27) (end -1.4 1.27) (layer F.SilkS) (width 0.12))
    (fp_line (start 13.97 36.83) (end 16.64 36.83) (layer F.SilkS) (width 0.12))
    (fp_line (start 13.97 -1.27) (end 13.97 36.83) (layer F.SilkS) (width 0.12))
    (fp_line (start 13.97 -1.27) (end 16.64 -1.27) (layer F.SilkS) (width 0.12))
    (fp_line (start -1.4 -3.94) (end -1.4 -1.27) (layer F.SilkS) (width 0.12))
    (fp_line (start -1.4 1.27) (end -1.4 39.5) (layer F.SilkS) (width 0.12))
    (fp_line (start 1.27 -1.27) (end -1.4 -1.27) (layer F.SilkS) (width 0.12))
    (fp_line (start 1.27 1.27) (end 1.27 -1.27) (layer F.SilkS) (width 0.12))
    (fp_text user %R (at 6.35 19.05) (layer F.Fab)
      (effects (font (size 1 1) (thickness 0.15)))
    )
    (pad 1 thru_hole rect (at 0 0 270) (size 1.6 1.6) (drill 1) (layers *.Cu *.Mask)
      (net 1 "Net-(A1-Pad1)"))
    (pad 17 thru_hole oval (at 15.24 33.02 270) (size 1.6 1.6) (drill 1) (layers *.Cu *.Mask)
      (net 2 "Net-(A1-Pad17)"))
    (pad 2 thru_hole oval (at 0 2.54 270) (size 1.6 1.6) (drill 1) (layers *.Cu *.Mask)
      (net 3 "Net-(A1-Pad2)"))
    (pad 18 thru_hole oval (at 15.24 30.48 270) (size 1.6 1.6) (drill 1) (layers *.Cu *.Mask)
      (net 4 +5V))
    (pad 3 thru_hole oval (at 0 5.08 270) (size 1.6 1.6) (drill 1) (layers *.Cu *.Mask)
      (net 5 "Net-(A1-Pad3)"))
    (pad 19 thru_hole oval (at 15.24 27.94 270) (size 1.6 1.6) (drill 1) (layers *.Cu *.Mask)
      (net 6 POT1))
    (pad 4 thru_hole oval (at 0 7.62 270) (size 1.6 1.6) (drill 1) (layers *.Cu *.Mask)
      (net 7 GND))
    (pad 20 thru_hole oval (at 15.24 25.4 270) (size 1.6 1.6) (drill 1) (layers *.Cu *.Mask)
      (net 8 POT2))
    (pad 5 thru_hole oval (at 0 10.16 270) (size 1.6 1.6) (drill 1) (layers *.Cu *.Mask)
      (net 9 "Net-(A1-Pad5)"))
    (pad 21 thru_hole oval (at 15.24 22.86 270) (size 1.6 1.6) (drill 1) (layers *.Cu *.Mask)
      (net 10 POT3))
    (pad 6 thru_hole oval (at 0 12.7 270) (size 1.6 1.6) (drill 1) (layers *.Cu *.Mask)
      (net 11 "Net-(A1-Pad6)"))
    (pad 22 thru_hole oval (at 15.24 20.32 270) (size 1.6 1.6) (drill 1) (layers *.Cu *.Mask)
      (net 12 "Net-(A1-Pad22)"))
    (pad 7 thru_hole oval (at 0 15.24 270) (size 1.6 1.6) (drill 1) (layers *.Cu *.Mask)
      (net 13 "Net-(A1-Pad7)"))
    (pad 23 thru_hole oval (at 15.24 17.78 270) (size 1.6 1.6) (drill 1) (layers *.Cu *.Mask)
      (net 14 "Net-(A1-Pad23)"))
    (pad 8 thru_hole oval (at 0 17.78 270) (size 1.6 1.6) (drill 1) (layers *.Cu *.Mask)
      (net 15 "Net-(A1-Pad8)"))
    (pad 24 thru_hole oval (at 15.24 15.24 270) (size 1.6 1.6) (drill 1) (layers *.Cu *.Mask)
      (net 16 "Net-(A1-Pad24)"))
    (pad 9 thru_hole oval (at 0 20.32 270) (size 1.6 1.6) (drill 1) (layers *.Cu *.Mask)
      (net 17 "Net-(A1-Pad9)"))
    (pad 25 thru_hole oval (at 15.24 12.7 270) (size 1.6 1.6) (drill 1) (layers *.Cu *.Mask)
      (net 18 "Net-(A1-Pad25)"))
    (pad 10 thru_hole oval (at 0 22.86 270) (size 1.6 1.6) (drill 1) (layers *.Cu *.Mask)
      (net 19 "Net-(A1-Pad10)"))
    (pad 26 thru_hole oval (at 15.24 10.16 270) (size 1.6 1.6) (drill 1) (layers *.Cu *.Mask)
      (net 20 "Net-(A1-Pad26)"))
    (pad 11 thru_hole oval (at 0 25.4 270) (size 1.6 1.6) (drill 1) (layers *.Cu *.Mask)
      (net 21 "Net-(A1-Pad11)"))
    (pad 27 thru_hole oval (at 15.24 7.62 270) (size 1.6 1.6) (drill 1) (layers *.Cu *.Mask)
      (net 22 "Net-(A1-Pad27)"))
    (pad 12 thru_hole oval (at 0 27.94 270) (size 1.6 1.6) (drill 1) (layers *.Cu *.Mask)
      (net 23 "Net-(A1-Pad12)"))
    (pad 28 thru_hole oval (at 15.24 5.08 270) (size 1.6 1.6) (drill 1) (layers *.Cu *.Mask)
      (net 24 "Net-(A1-Pad28)"))
    (pad 13 thru_hole oval (at 0 30.48 270) (size 1.6 1.6) (drill 1) (layers *.Cu *.Mask)
      (net 25 "Net-(A1-Pad13)"))
    (pad 29 thru_hole oval (at 15.24 2.54 270) (size 1.6 1.6) (drill 1) (layers *.Cu *.Mask)
      (net 7 GND))
    (pad 14 thru_hole oval (at 0 33.02 270) (size 1.6 1.6) (drill 1) (layers *.Cu *.Mask)
      (net 26 "Net-(A1-Pad14)"))
    (pad 30 thru_hole oval (at 15.24 0 270) (size 1.6 1.6) (drill 1) (layers *.Cu *.Mask)
      (net 27 "Net-(A1-Pad30)"))
    (pad 15 thru_hole oval (at 0 35.56 270) (size 1.6 1.6) (drill 1) (layers *.Cu *.Mask)
      (net 28 "Net-(A1-Pad15)"))
    (pad 16 thru_hole oval (at 15.24 35.56 270) (size 1.6 1.6) (drill 1) (layers *.Cu *.Mask)
      (net 29 "Net-(A1-Pad16)"))
    (model ${KISYS3DMOD}/Module.3dshapes/Arduino_Nano_WithMountingHoles.wrl
      (at (xyz 0 0 0))
      (scale (xyz 1 1 1))
      (rotate (xyz 0 0 0))
    )
  )

  (module TerminalBlock_Phoenix:TerminalBlock_Phoenix_MKDS-1,5-3-5.08_1x03_P5.08mm_Horizontal (layer F.Cu) (tedit 5B294EBC) (tstamp 60FAEDF5)
    (at 125.73 105.41)
    (descr "Terminal Block Phoenix MKDS-1,5-3-5.08, 3 pins, pitch 5.08mm, size 15.2x9.8mm^2, drill diamater 1.3mm, pad diameter 2.6mm, see http://www.farnell.com/datasheets/100425.pdf, script-generated using https://github.com/pointhi/kicad-footprint-generator/scripts/TerminalBlock_Phoenix")
    (tags "THT Terminal Block Phoenix MKDS-1,5-3-5.08 pitch 5.08mm size 15.2x9.8mm^2 drill 1.3mm pad 2.6mm")
    (path /60FAF449)
    (fp_text reference J1 (at 5.08 -6.26) (layer F.Fab)
      (effects (font (size 1 1) (thickness 0.15)))
    )
    (fp_text value ENC1 (at 5.08 5.66) (layer F.Fab)
      (effects (font (size 1 1) (thickness 0.15)))
    )
    (fp_circle (center 0 0) (end 1.5 0) (layer F.Fab) (width 0.1))
    (fp_circle (center 5.08 0) (end 6.58 0) (layer F.Fab) (width 0.1))
    (fp_circle (center 5.08 0) (end 6.76 0) (layer F.SilkS) (width 0.12))
    (fp_circle (center 10.16 0) (end 11.66 0) (layer F.Fab) (width 0.1))
    (fp_circle (center 10.16 0) (end 11.84 0) (layer F.SilkS) (width 0.12))
    (fp_line (start -2.54 -5.2) (end 12.7 -5.2) (layer F.Fab) (width 0.1))
    (fp_line (start 12.7 -5.2) (end 12.7 4.6) (layer F.Fab) (width 0.1))
    (fp_line (start 12.7 4.6) (end -2.04 4.6) (layer F.Fab) (width 0.1))
    (fp_line (start -2.04 4.6) (end -2.54 4.1) (layer F.Fab) (width 0.1))
    (fp_line (start -2.54 4.1) (end -2.54 -5.2) (layer F.Fab) (width 0.1))
    (fp_line (start -2.54 4.1) (end 12.7 4.1) (layer F.Fab) (width 0.1))
    (fp_line (start -2.6 4.1) (end 12.76 4.1) (layer F.SilkS) (width 0.12))
    (fp_line (start -2.54 2.6) (end 12.7 2.6) (layer F.Fab) (width 0.1))
    (fp_line (start -2.6 2.6) (end 12.76 2.6) (layer F.SilkS) (width 0.12))
    (fp_line (start -2.54 -2.3) (end 12.7 -2.3) (layer F.Fab) (width 0.1))
    (fp_line (start -2.6 -2.301) (end 12.76 -2.301) (layer F.SilkS) (width 0.12))
    (fp_line (start -2.6 -5.261) (end 12.76 -5.261) (layer F.SilkS) (width 0.12))
    (fp_line (start -2.6 4.66) (end 12.76 4.66) (layer F.SilkS) (width 0.12))
    (fp_line (start -2.6 -5.261) (end -2.6 4.66) (layer F.SilkS) (width 0.12))
    (fp_line (start 12.76 -5.261) (end 12.76 4.66) (layer F.SilkS) (width 0.12))
    (fp_line (start 1.138 -0.955) (end -0.955 1.138) (layer F.Fab) (width 0.1))
    (fp_line (start 0.955 -1.138) (end -1.138 0.955) (layer F.Fab) (width 0.1))
    (fp_line (start 6.218 -0.955) (end 4.126 1.138) (layer F.Fab) (width 0.1))
    (fp_line (start 6.035 -1.138) (end 3.943 0.955) (layer F.Fab) (width 0.1))
    (fp_line (start 6.355 -1.069) (end 6.308 -1.023) (layer F.SilkS) (width 0.12))
    (fp_line (start 4.046 1.239) (end 4.011 1.274) (layer F.SilkS) (width 0.12))
    (fp_line (start 6.15 -1.275) (end 6.115 -1.239) (layer F.SilkS) (width 0.12))
    (fp_line (start 3.853 1.023) (end 3.806 1.069) (layer F.SilkS) (width 0.12))
    (fp_line (start 11.298 -0.955) (end 9.206 1.138) (layer F.Fab) (width 0.1))
    (fp_line (start 11.115 -1.138) (end 9.023 0.955) (layer F.Fab) (width 0.1))
    (fp_line (start 11.435 -1.069) (end 11.388 -1.023) (layer F.SilkS) (width 0.12))
    (fp_line (start 9.126 1.239) (end 9.091 1.274) (layer F.SilkS) (width 0.12))
    (fp_line (start 11.23 -1.275) (end 11.195 -1.239) (layer F.SilkS) (width 0.12))
    (fp_line (start 8.933 1.023) (end 8.886 1.069) (layer F.SilkS) (width 0.12))
    (fp_line (start -2.84 4.16) (end -2.84 4.9) (layer F.SilkS) (width 0.12))
    (fp_line (start -2.84 4.9) (end -2.34 4.9) (layer F.SilkS) (width 0.12))
    (fp_line (start -3.04 -5.71) (end -3.04 5.1) (layer F.CrtYd) (width 0.05))
    (fp_line (start -3.04 5.1) (end 13.21 5.1) (layer F.CrtYd) (width 0.05))
    (fp_line (start 13.21 5.1) (end 13.21 -5.71) (layer F.CrtYd) (width 0.05))
    (fp_line (start 13.21 -5.71) (end -3.04 -5.71) (layer F.CrtYd) (width 0.05))
    (fp_text user %R (at 5.08 3.2) (layer F.Fab)
      (effects (font (size 1 1) (thickness 0.15)))
    )
    (fp_arc (start 0 0) (end -0.684 1.535) (angle -25) (layer F.SilkS) (width 0.12))
    (fp_arc (start 0 0) (end -1.535 -0.684) (angle -48) (layer F.SilkS) (width 0.12))
    (fp_arc (start 0 0) (end 0.684 -1.535) (angle -48) (layer F.SilkS) (width 0.12))
    (fp_arc (start 0 0) (end 1.535 0.684) (angle -48) (layer F.SilkS) (width 0.12))
    (fp_arc (start 0 0) (end 0 1.68) (angle -24) (layer F.SilkS) (width 0.12))
    (pad 3 thru_hole circle (at 10.16 0) (size 2.6 2.6) (drill 1.3) (layers *.Cu *.Mask)
      (net 30 +3V3))
    (pad 2 thru_hole circle (at 5.08 0) (size 2.6 2.6) (drill 1.3) (layers *.Cu *.Mask)
      (net 31 M2+))
    (pad 1 thru_hole rect (at 0 0) (size 2.6 2.6) (drill 1.3) (layers *.Cu *.Mask)
      (net 32 M2-))
    (model ${KISYS3DMOD}/TerminalBlock_Phoenix.3dshapes/TerminalBlock_Phoenix_MKDS-1,5-3-5.08_1x03_P5.08mm_Horizontal.wrl
      (at (xyz 0 0 0))
      (scale (xyz 1 1 1))
      (rotate (xyz 0 0 0))
    )
  )

  (module TerminalBlock_Phoenix:TerminalBlock_Phoenix_MKDS-1,5-3-5.08_1x03_P5.08mm_Horizontal (layer F.Cu) (tedit 5B294EBC) (tstamp 60FAF065)
    (at 146.05 105.41)
    (descr "Terminal Block Phoenix MKDS-1,5-3-5.08, 3 pins, pitch 5.08mm, size 15.2x9.8mm^2, drill diamater 1.3mm, pad diameter 2.6mm, see http://www.farnell.com/datasheets/100425.pdf, script-generated using https://github.com/pointhi/kicad-footprint-generator/scripts/TerminalBlock_Phoenix")
    (tags "THT Terminal Block Phoenix MKDS-1,5-3-5.08 pitch 5.08mm size 15.2x9.8mm^2 drill 1.3mm pad 2.6mm")
    (path /60FB088A)
    (fp_text reference J2 (at 5.08 -6.26) (layer F.Fab)
      (effects (font (size 1 1) (thickness 0.15)))
    )
    (fp_text value ENC2 (at 5.08 5.66) (layer F.Fab)
      (effects (font (size 1 1) (thickness 0.15)))
    )
    (fp_line (start 13.21 -5.71) (end -3.04 -5.71) (layer F.CrtYd) (width 0.05))
    (fp_line (start 13.21 5.1) (end 13.21 -5.71) (layer F.CrtYd) (width 0.05))
    (fp_line (start -3.04 5.1) (end 13.21 5.1) (layer F.CrtYd) (width 0.05))
    (fp_line (start -3.04 -5.71) (end -3.04 5.1) (layer F.CrtYd) (width 0.05))
    (fp_line (start -2.84 4.9) (end -2.34 4.9) (layer F.SilkS) (width 0.12))
    (fp_line (start -2.84 4.16) (end -2.84 4.9) (layer F.SilkS) (width 0.12))
    (fp_line (start 8.933 1.023) (end 8.886 1.069) (layer F.SilkS) (width 0.12))
    (fp_line (start 11.23 -1.275) (end 11.195 -1.239) (layer F.SilkS) (width 0.12))
    (fp_line (start 9.126 1.239) (end 9.091 1.274) (layer F.SilkS) (width 0.12))
    (fp_line (start 11.435 -1.069) (end 11.388 -1.023) (layer F.SilkS) (width 0.12))
    (fp_line (start 11.115 -1.138) (end 9.023 0.955) (layer F.Fab) (width 0.1))
    (fp_line (start 11.298 -0.955) (end 9.206 1.138) (layer F.Fab) (width 0.1))
    (fp_line (start 3.853 1.023) (end 3.806 1.069) (layer F.SilkS) (width 0.12))
    (fp_line (start 6.15 -1.275) (end 6.115 -1.239) (layer F.SilkS) (width 0.12))
    (fp_line (start 4.046 1.239) (end 4.011 1.274) (layer F.SilkS) (width 0.12))
    (fp_line (start 6.355 -1.069) (end 6.308 -1.023) (layer F.SilkS) (width 0.12))
    (fp_line (start 6.035 -1.138) (end 3.943 0.955) (layer F.Fab) (width 0.1))
    (fp_line (start 6.218 -0.955) (end 4.126 1.138) (layer F.Fab) (width 0.1))
    (fp_line (start 0.955 -1.138) (end -1.138 0.955) (layer F.Fab) (width 0.1))
    (fp_line (start 1.138 -0.955) (end -0.955 1.138) (layer F.Fab) (width 0.1))
    (fp_line (start 12.76 -5.261) (end 12.76 4.66) (layer F.SilkS) (width 0.12))
    (fp_line (start -2.6 -5.261) (end -2.6 4.66) (layer F.SilkS) (width 0.12))
    (fp_line (start -2.6 4.66) (end 12.76 4.66) (layer F.SilkS) (width 0.12))
    (fp_line (start -2.6 -5.261) (end 12.76 -5.261) (layer F.SilkS) (width 0.12))
    (fp_line (start -2.6 -2.301) (end 12.76 -2.301) (layer F.SilkS) (width 0.12))
    (fp_line (start -2.54 -2.3) (end 12.7 -2.3) (layer F.Fab) (width 0.1))
    (fp_line (start -2.6 2.6) (end 12.76 2.6) (layer F.SilkS) (width 0.12))
    (fp_line (start -2.54 2.6) (end 12.7 2.6) (layer F.Fab) (width 0.1))
    (fp_line (start -2.6 4.1) (end 12.76 4.1) (layer F.SilkS) (width 0.12))
    (fp_line (start -2.54 4.1) (end 12.7 4.1) (layer F.Fab) (width 0.1))
    (fp_line (start -2.54 4.1) (end -2.54 -5.2) (layer F.Fab) (width 0.1))
    (fp_line (start -2.04 4.6) (end -2.54 4.1) (layer F.Fab) (width 0.1))
    (fp_line (start 12.7 4.6) (end -2.04 4.6) (layer F.Fab) (width 0.1))
    (fp_line (start 12.7 -5.2) (end 12.7 4.6) (layer F.Fab) (width 0.1))
    (fp_line (start -2.54 -5.2) (end 12.7 -5.2) (layer F.Fab) (width 0.1))
    (fp_circle (center 10.16 0) (end 11.84 0) (layer F.SilkS) (width 0.12))
    (fp_circle (center 10.16 0) (end 11.66 0) (layer F.Fab) (width 0.1))
    (fp_circle (center 5.08 0) (end 6.76 0) (layer F.SilkS) (width 0.12))
    (fp_circle (center 5.08 0) (end 6.58 0) (layer F.Fab) (width 0.1))
    (fp_circle (center 0 0) (end 1.5 0) (layer F.Fab) (width 0.1))
    (fp_arc (start 0 0) (end 0 1.68) (angle -24) (layer F.SilkS) (width 0.12))
    (fp_arc (start 0 0) (end 1.535 0.684) (angle -48) (layer F.SilkS) (width 0.12))
    (fp_arc (start 0 0) (end 0.684 -1.535) (angle -48) (layer F.SilkS) (width 0.12))
    (fp_arc (start 0 0) (end -1.535 -0.684) (angle -48) (layer F.SilkS) (width 0.12))
    (fp_arc (start 0 0) (end -0.684 1.535) (angle -25) (layer F.SilkS) (width 0.12))
    (fp_text user %R (at 5.08 3.2) (layer F.Fab)
      (effects (font (size 1 1) (thickness 0.15)))
    )
    (pad 1 thru_hole rect (at 0 0) (size 2.6 2.6) (drill 1.3) (layers *.Cu *.Mask)
      (net 33 A2))
    (pad 2 thru_hole circle (at 5.08 0) (size 2.6 2.6) (drill 1.3) (layers *.Cu *.Mask)
      (net 34 B2))
    (pad 3 thru_hole circle (at 10.16 0) (size 2.6 2.6) (drill 1.3) (layers *.Cu *.Mask)
      (net 7 GND))
    (model ${KISYS3DMOD}/TerminalBlock_Phoenix.3dshapes/TerminalBlock_Phoenix_MKDS-1,5-3-5.08_1x03_P5.08mm_Horizontal.wrl
      (at (xyz 0 0 0))
      (scale (xyz 1 1 1))
      (rotate (xyz 0 0 0))
    )
  )

  (module TerminalBlock_Phoenix:TerminalBlock_Phoenix_MKDS-1,5-3-5.08_1x03_P5.08mm_Horizontal (layer F.Cu) (tedit 5B294EBC) (tstamp 60FAED59)
    (at 166.37 105.41)
    (descr "Terminal Block Phoenix MKDS-1,5-3-5.08, 3 pins, pitch 5.08mm, size 15.2x9.8mm^2, drill diamater 1.3mm, pad diameter 2.6mm, see http://www.farnell.com/datasheets/100425.pdf, script-generated using https://github.com/pointhi/kicad-footprint-generator/scripts/TerminalBlock_Phoenix")
    (tags "THT Terminal Block Phoenix MKDS-1,5-3-5.08 pitch 5.08mm size 15.2x9.8mm^2 drill 1.3mm pad 2.6mm")
    (path /60FB0E3D)
    (fp_text reference J3 (at 5.08 -6.26) (layer F.Fab)
      (effects (font (size 1 1) (thickness 0.15)))
    )
    (fp_text value ENC3 (at 5.08 5.66) (layer F.Fab)
      (effects (font (size 1 1) (thickness 0.15)))
    )
    (fp_circle (center 0 0) (end 1.5 0) (layer F.Fab) (width 0.1))
    (fp_circle (center 5.08 0) (end 6.58 0) (layer F.Fab) (width 0.1))
    (fp_circle (center 5.08 0) (end 6.76 0) (layer F.SilkS) (width 0.12))
    (fp_circle (center 10.16 0) (end 11.66 0) (layer F.Fab) (width 0.1))
    (fp_circle (center 10.16 0) (end 11.84 0) (layer F.SilkS) (width 0.12))
    (fp_line (start -2.54 -5.2) (end 12.7 -5.2) (layer F.Fab) (width 0.1))
    (fp_line (start 12.7 -5.2) (end 12.7 4.6) (layer F.Fab) (width 0.1))
    (fp_line (start 12.7 4.6) (end -2.04 4.6) (layer F.Fab) (width 0.1))
    (fp_line (start -2.04 4.6) (end -2.54 4.1) (layer F.Fab) (width 0.1))
    (fp_line (start -2.54 4.1) (end -2.54 -5.2) (layer F.Fab) (width 0.1))
    (fp_line (start -2.54 4.1) (end 12.7 4.1) (layer F.Fab) (width 0.1))
    (fp_line (start -2.6 4.1) (end 12.76 4.1) (layer F.SilkS) (width 0.12))
    (fp_line (start -2.54 2.6) (end 12.7 2.6) (layer F.Fab) (width 0.1))
    (fp_line (start -2.6 2.6) (end 12.76 2.6) (layer F.SilkS) (width 0.12))
    (fp_line (start -2.54 -2.3) (end 12.7 -2.3) (layer F.Fab) (width 0.1))
    (fp_line (start -2.6 -2.301) (end 12.76 -2.301) (layer F.SilkS) (width 0.12))
    (fp_line (start -2.6 -5.261) (end 12.76 -5.261) (layer F.SilkS) (width 0.12))
    (fp_line (start -2.6 4.66) (end 12.76 4.66) (layer F.SilkS) (width 0.12))
    (fp_line (start -2.6 -5.261) (end -2.6 4.66) (layer F.SilkS) (width 0.12))
    (fp_line (start 12.76 -5.261) (end 12.76 4.66) (layer F.SilkS) (width 0.12))
    (fp_line (start 1.138 -0.955) (end -0.955 1.138) (layer F.Fab) (width 0.1))
    (fp_line (start 0.955 -1.138) (end -1.138 0.955) (layer F.Fab) (width 0.1))
    (fp_line (start 6.218 -0.955) (end 4.126 1.138) (layer F.Fab) (width 0.1))
    (fp_line (start 6.035 -1.138) (end 3.943 0.955) (layer F.Fab) (width 0.1))
    (fp_line (start 6.355 -1.069) (end 6.308 -1.023) (layer F.SilkS) (width 0.12))
    (fp_line (start 4.046 1.239) (end 4.011 1.274) (layer F.SilkS) (width 0.12))
    (fp_line (start 6.15 -1.275) (end 6.115 -1.239) (layer F.SilkS) (width 0.12))
    (fp_line (start 3.853 1.023) (end 3.806 1.069) (layer F.SilkS) (width 0.12))
    (fp_line (start 11.298 -0.955) (end 9.206 1.138) (layer F.Fab) (width 0.1))
    (fp_line (start 11.115 -1.138) (end 9.023 0.955) (layer F.Fab) (width 0.1))
    (fp_line (start 11.435 -1.069) (end 11.388 -1.023) (layer F.SilkS) (width 0.12))
    (fp_line (start 9.126 1.239) (end 9.091 1.274) (layer F.SilkS) (width 0.12))
    (fp_line (start 11.23 -1.275) (end 11.195 -1.239) (layer F.SilkS) (width 0.12))
    (fp_line (start 8.933 1.023) (end 8.886 1.069) (layer F.SilkS) (width 0.12))
    (fp_line (start -2.84 4.16) (end -2.84 4.9) (layer F.SilkS) (width 0.12))
    (fp_line (start -2.84 4.9) (end -2.34 4.9) (layer F.SilkS) (width 0.12))
    (fp_line (start -3.04 -5.71) (end -3.04 5.1) (layer F.CrtYd) (width 0.05))
    (fp_line (start -3.04 5.1) (end 13.21 5.1) (layer F.CrtYd) (width 0.05))
    (fp_line (start 13.21 5.1) (end 13.21 -5.71) (layer F.CrtYd) (width 0.05))
    (fp_line (start 13.21 -5.71) (end -3.04 -5.71) (layer F.CrtYd) (width 0.05))
    (fp_text user %R (at 5.08 3.2) (layer F.Fab)
      (effects (font (size 1 1) (thickness 0.15)))
    )
    (fp_arc (start 0 0) (end -0.684 1.535) (angle -25) (layer F.SilkS) (width 0.12))
    (fp_arc (start 0 0) (end -1.535 -0.684) (angle -48) (layer F.SilkS) (width 0.12))
    (fp_arc (start 0 0) (end 0.684 -1.535) (angle -48) (layer F.SilkS) (width 0.12))
    (fp_arc (start 0 0) (end 1.535 0.684) (angle -48) (layer F.SilkS) (width 0.12))
    (fp_arc (start 0 0) (end 0 1.68) (angle -24) (layer F.SilkS) (width 0.12))
    (pad 3 thru_hole circle (at 10.16 0) (size 2.6 2.6) (drill 1.3) (layers *.Cu *.Mask)
      (net 30 +3V3))
    (pad 2 thru_hole circle (at 5.08 0) (size 2.6 2.6) (drill 1.3) (layers *.Cu *.Mask)
      (net 35 M1+))
